0.0,22.0,22.0,14.0,25.799999237060547,24.0,22.399999618530273,13.0,19.299999237060547,14.100000381469727,14.5,14.75,19.5,22.0,16.300000190734863,17.0
1.0,11.0,16.200000762939453,16.0,10.0,11.600000381469727,13.430000305175781,11.199999809265137,8.300000190734863,9.0,14.565000057220459,12.850000381469727,12.900000095367432,13.28000020980835,11.900000095367432,13.000000476837158
1.0,20.5,9.0600004196167,15.039999961853027,11.100000381469727,11.25,7.820000171661377,15.520000457763672,19.299999237060547,9.079999923706055,9.59000015258789,11.490000247955322,19.449999809265137,13.304999828338623,17.484999656677246,19.0
0.0,6.199999809265137,7.300000190734863,16.0,8.600000381469727,9.899999618530273,9.300000190734863,6.900000095367432,10.600000381469727,9.0,4.800000190734863,6.400000095367432,5.099999904632568,7.750000238418579,9.300000190734863,7.700000047683716
1.0,11.100000381469727,14.699999809265137,10.800000190734863,13.899999618530273,15.699999809265137,18.0,11.5,12.799999713897705,11.5,8.150000095367432,10.449999809265137,8.0,15.049999713897705,10.699999809265137,14.349999904632568
0.0,13.399999618530273,26.0,22.5,21.700000762939453,23.299999237060547,25.5,23.600000381469727,20.0,17.0,27.700000762939453,21.0,18.0,32.29999923706055,23.0,31.40000057220459
1.0,10.0,9.0,5.0,5.900000095367432,9.0,9.400000095367432,9.5,8.650000095367432,6.299999952316284,16.0,10.5,8.0,9.0,13.5,7.700000047683716
0.0,10.5,5.0,9.0,6.0,7.900000095367432,5.0,9.899999618530273,12.100000381469727,13.0,8.0,7.800000190734863,10.399999618530273,12.100000381469727,7.800000190734863,8.0
1.0,64.0,53.45000076293945,50.05000114440918,74.35000228881836,45.05000114440918,51.64999961853027,53.5,42.09999942779541,49.19999885559082,37.89999961853027,60.54999923706055,51.04999923706055,46.55000114440918,47.900001525878906,75.70000076293945,54.60000038146973,50.44999885559082
1.0,16.610000610351562,9.680000305175781,5.829999923706055,14.079999923706055,15.8100004196167,8.229999542236328,9.720000267028809,19.450000762939453,16.6299991607666,10.979999542236328,20.700000762939453,12.65999984741211,9.819999694824219,17.739999771118164,12.449999809265137
1.0,12.0,13.0,12.0,10.0,14.0,11.0,10.0,11.0,11.0,15.0,13.0,9.0,15.0,11.0,13.0
0.0,10.199999809265137,9.199999809265137,8.0,13.0,5.800000190734863,20.0,18.5,16.0,8.800000190734863,8.199999809265137,14.400000095367432,7.25,11.049999713897705,7.700000286102295,14.200000047683716
0.0,7.300000190734863,12.100000381469727,6.400000095367432,5.599999904632568,17.299999237060547,7.199999809265137,6.5,7.800000190734863,11.899999618530273,6.599999904632568,8.699999809265137,6.900000095367432,7.0,8.100000143051147,7.8500001430511475
0.0,32.79999923706055,15.5,32.0,27.5,18.600000381469727,28.399999618530273,35.900001525878906,21.899999618530273,28.200000762939453,20.399999618530273,29.700000762939453,30.049999237060547,32.0,33.14999961853027,28.90000057220459
0.0,9.800000190734863,12.0,5.199999809265137,6.0,8.5,8.5,12.25,10.349999904632568,9.450000047683716,6.650000095367432,8.849999904632568,8.5,11.0,9.0,10.0
0.0,16.600000381469727,17.299999237060547,13.600000381469727,16.200000762939453,18.799999237060547,16.200000762939453,11.300000190734863,15.5,26.899999618530273,8.800000190734863,22.600000381469727,12.600000381469727,13.199999809265137,12.199999809265137,14.699999809265137
0.0,13.800000190734863,10.100000381469727,8.899999618530273,11.600000381469727,16.0,18.0,10.600000381469727,22.100000381469727,11.699999809265137,16.200000762939453,13.0,10.600000381469727,8.5,16.15000009536743,13.300000190734863
1.0,23.949999809265137,17.25,22.850000381469727,18.149999618530273,16.700000286102295,22.949999809265137,23.75,21.90000057220459,15.5,25.5,20.850000381469727,21.09999942779541,22.100000381469727,14.300000190734863,25.549999237060547
1.0,11.0,15.0,7.0,6.0,5.0,7.0,5.0,9.0,9.0,4.0,16.0,6.0,4.0,4.0,6.0
0.0,6.5,7.5,8.0,8.199999809265137,8.800000190734863,7.099999904632568,14.0,12.0,9.0,10.699999809265137,7.550000190734863,9.849999904632568,11.700000047683716,8.000000238418579,6.950000047683716
0.0,20.0,122.0999984741211,25.5,100.80000305175781,119.4000015258789,105.19999694824219,127.0999984741211,109.19999694824219,113.30000305175781,83.4000015258789,121.0,99.5,98.19999694824219,111.69999694824219,107.69999694824219
0.0,3.0,4.0,6.099999904632568,3.0,5.0,5.099999904632568,4.0,9.5,5.800000190734863,3.8499999046325684,8.400000095367432,6.049999952316284,6.099999904632568,4.0,6.0
0.0,11.0,7.5,14.75,12.0,15.0,13.75,11.600000381469727,12.25,14.400000095367432,13.5,14.199999809265137,11.050000190734863,12.5,10.0,16.5,12.300000190734863,11.5,14.5,17.0,15.5
1.0,31.0,18.0,20.0,30.0,14.0,25.0,18.0,19.700000762939453,15.0,25.0,16.100000381469727,17.0,21.399999618530273,21.100000381469727,13.199999809265137
0.0,9.0,11.0,10.0,13.0,7.0,8.0,7.199999809265137,6.0,9.600000381469727,8.899999618530273,5.0,9.5,9.899999618530273,8.0,7.450000047683716
0.0,16.0,13.0,13.0,13.0,24.0,11.0,14.0,13.0,20.0,10.0,15.0,21.0,13.0,9.650000095367432,9.650000095367432
1.0,24.0,22.0,14.100000381469727,10.100000381469727,25.100000381469727,24.0,20.799999237060547,17.0,30.0,19.700000762939453,26.899999618530273,16.59999990463257,26.550000190734863,26.09999942779541,23.0
0.0,8.0,7.900000095367432,5.0,12.699999809265137,8.699999809265137,8.0,89.9000015258789,12.0,11.300000190734863,5.099999904632568,12.100000381469727,6.0,11.199999809265137,7.0,9.199999809265137
1.0,34.400001525878906,27.399999618530273,23.600000381469727,27.5,27.549999237060547,30.299999237060547,32.599998474121094,38.400001525878906,31.5,30.350000381469727,35.53000068664551,31.835000038146973,24.550000190734863,28.535000801086426,25.6899995803833
0.0,12.0,8.100000381469727,9.0,7.0,8.699999809265137,10.0,10.5,7.0,7.0,4.650000095367432,7.200000047683716,10.25,8.0,9.5,14.5
1.0,18.5,13.800000190734863,15.399999618530273,20.100000381469727,22.100000381469727,18.899999618530273,23.0,25.200000762939453,17.299999237060547,24.999999523162842,18.25,22.0,20.5,13.150000095367432,14.700000286102295
0.0,34.29999923706055,32.19999885559082,29.55000114440918,20.899999618530273,47.35000038146973,36.25,31.84999942779541,24.25,32.0,35.25,37.54999923706055,37.79999923706055,31.65000057220459,34.85000038146973,34.60000038146973,31.600000381469727,37.5
1.0,15.600000381469727,14.699999809265137,10.899999618530273,12.300000190734863,26.5,24.200000762939453,13.800000190734863,11.899999618530273,26.100000381469727,22.949999809265137,27.25,20.84999942779541,13.5,29.90000057220459,25.800000190734863
1.0,29.0,27.799999237060547,19.0,21.899999618530273,25.0,20.0,18.0,15.199999809265137,18.5,17.0,20.699999809265137,29.949999809265137,7.0,26.0,24.449999809265137
0.0,11.300000190734863,13.5,8.899999618530273,17.299999237060547,11.0,11.0,17.0,16.0,13.0,16.0,15.0,20.0,19.700000762939453,22.0,18.0
0.0,6.800000190734863,17.0,13.0,16.100000381469727,11.0,8.0,5.349999904632568,9.099999904632568,7.5,8.950000047683716,9.5,7.0,9.199999809265137,5.900000095367432,13.5
1.0,17.0,17.0,37.099998474121094,13.699999809265137,13.0,17.799999237060547,11.0,16.0,18.5,26.899999618530273,12.5,15.0,12.5,16.0,18.5
0.0,28.0,22.0,39.0,19.0,16.0,20.0,28.0,16.899999618530273,23.399999618530273,23.899999618530273,20.0,28.0,19.0,16.899999618530273,23.799999237060547
0.0,5.099999904632568,7.800000190734863,7.900000095367432,4.0,8.399999618530273,8.100000381469727,10.399999618530273,9.0,8.0,4.900000095367432,6.900000095367432,12.0,9.699999809265137,6.0,11.5
1.0,8.0,8.800000190734863,14.899999618530273,12.600000381469727,9.0,8.199999809265137,8.0,6.300000190734863,8.0,11.0,9.199999809265137,18.5,11.0,10.0,9.699999809265137
0.0,3.0,6.599999904632568,6.0,13.300000190734863,12.0,7.0,7.0,7.0,12.199999809265137,4.599999904632568,10.300000190734863,7.0,7.699999809265137,8.0,9.0
0.0,22.0,7.099999904632568,41.0,14.0,14.600000381469727,18.0,10.0,281.0,10.0,8.0,8.949999809265137,28.0,11.050000190734863,45.80000019073486,11.300000190734863
0.0,6.0,4.400000095367432,4.0,3.0999999046325684,7.0,5.0,7.0,4.0,4.900000095367432,6.0,6.0,4.3999998569488525,4.950000047683716,3.6999999284744263,3.8000000715255737
0.0,32.29999923706055,29.899999618530273,20.399999618530273,23.200000762939453,20.5,25.600000381469727,21.5,28.100000381469727,27.700000762939453,23.899999618530273,19.700000762939453,21.600000381469727,28.65000057220459,28.09999942779541,24.300000190734863
0.0,26.0,24.399999618530273,31.350000381469727,22.649999618530273,31.5,19.90000009536743,22.699999809265137,24.350000381469727,24.699999809265137,25.5,29.0,20.050000190734863,24.949999809265137,29.5,26.5,16.749999523162842,35.0,26.199999809265137,27.5,28.5,23.550000190734863
1.0,7.099999904632568,7.300000190734863,12.0,12.0,14.0,15.199999809265137,12.600000381469727,8.399999618530273,14.399999618530273,12.600000381469727,9.0,15.199999809265137,21.0,7.5,14.0
1.0,8.859999656677246,12.90999984741211,10.470000267028809,8.579999923706055,11.979999542236328,9.1899995803833,8.359999656677246,8.729999542236328,5.670000076293945,8.109999656677246,11.0,7.5,6.159999847412109,11.699999809265137,8.485000133514404
1.0,7.400000095367432,6.5,6.0,11.5,7.0,4.599999904632568,7.199999809265137,5.75,7.700000047683716,10.050000190734863,8.499999761581421,9.550000190734863,7.650000095367432,7.400000095367432,7.049999952316284
0.0,17.0,25.0,20.0,11.899999618530273,16.0,20.600000381469727,16.0,15.399999618530273,16.399999618530273,14.899999618530273,20.5,19.050000190734863,18.65000009536743,21.350000381469727,28.449999809265137
1.0,70.0999984741211,31.799999237060547,35.20000076293945,65.9000015258789,21.299999237060547,47.400001525878906,57.099998474121094,25.899999618530273,41.70000076293945,26.899999618530273,35.60000038146973,49.650001525878906,29.899999618530273,37.5,27.799999237060547
1.0,11.0,16.0,9.300000190734863,48.29999923706055,13.600000381469727,21.0,28.200000762939453,17.0,12.0,17.0,16.0,10.0,19.0,8.950000286102295,12.449999809265137
0.0,23.0,24.700000762939453,33.85000038146973,21.949999809265137,24.350000381469727,33.25,25.550000190734863,26.800000190734863,25.100000381469727,28.299999237060547,28.59999942779541,33.84999942779541,19.949999809265137,41.64999961853027,41.5
0.0,6.0,12.0,5.0,5.599999904632568,7.599999904632568,5.8500001430511475,6.300000190734863,6.900000095367432,7.5,6.049999952316284,8.799999952316284,5.700000047683716,8.150000095367432,10.849999904632568,7.549999952316284
0.0,4.699999809265137,10.300000190734863,8.0,3.9000000953674316,4.400000095367432,5.0,6.199999809265137,12.0,7.0,9.0,8.400000095367432,10.299999952316284,8.400000095367432,8.100000143051147,7.5
0.0,9.0,6.800000190734863,6.699999809265137,8.5,8.899999618530273,6.900000095367432,7.0,9.0,9.5,7.900000095367432,7.0,9.0,6.599999904632568,10.5,9.5
1.0,8.0,10.5,11.0,12.0,12.0,24.200000762939453,17.75,8.5,7.0,19.600000381469727,19.25,14.949999809265137,13.0,9.199999809265137,13.349999904632568
0.0,10.100000381469727,8.699999809265137,10.0,10.199999809265137,5.0,9.199999809265137,6.5,13.0,12.0,7.699999809265137,12.0,9.5,7.5,5.0,13.0
1.0,46.0,21.0,18.0,15.0,29.0,10.0,17.0,18.0,17.0,19.0,40.0,21.0,27.0,29.0,18.0
0.0,18.5,13.680000305175781,16.200000762939453,21.600000381469727,13.399999618530273,14.5,9.899999618530273,20.399999618530273,14.699999809265137,6.400000095367432,14.0,15.260000228881836,13.899999618530273,14.899999618530273,10.755000114440918
0.0,21.0,23.0,20.0,24.0,24.399999618530273,10.0,19.0,9.0,23.0,14.0,15.0,21.0,24.0,17.5,18.899999618530273
0.0,4.599999904632568,10.0,9.5,9.300000190734863,10.0,12.0,9.600000381469727,8.399999618530273,7.900000095367432,11.5,10.949999809265137,8.700000286102295,9.800000190734863,10.5,8.199999809265137
1.0,12.0,13.0,14.0,18.0,14.0,11.0,17.0,16.0,21.0,12.0,18.0,15.0,7.5,14.5,12.5
1.0,18.600000381469727,22.799999237060547,29.100000381469727,18.100000381469727,15.100000381469727,23.299999237060547,17.399999618530273,16.399999618530273,17.799999237060547,24.600000381469727,16.75,18.25,17.449999809265137,24.0,24.050000190734863
0.0,9.199999809265137,9.899999618530273,13.600000381469727,14.0,10.0,11.899999618530273,16.0,17.0,8.600000381469727,10.399999618530273,16.0,7.699999809265137,12.0,14.0,16.0
0.0,9.960000038146973,8.0,6.800000190734863,9.100000381469727,6.639999866485596,7.5,11.600000381469727,10.699999809265137,10.640000343322754,6.489999771118164,8.699999809265137,9.300000190734863,9.369999885559082,7.619999885559082,8.309999704360962
1.0,17.899999618530273,15.699999809265137,12.199999809265137,25.799999237060547,37.0,13.899999618530273,14.699999809265137,16.399999618530273,19.899999618530273,18.799999237060547,11.899999618530273,13.399999618530273,17.799999237060547,12.550000190734863,25.700000762939453
1.0,10.899999618530273,14.5,17.0,12.699999809265137,12.5,17.200000762939453,36.0099983215332,8.5,12.300000190734863,11.600000381469727,13.399999618530273,11.100000381469727,18.799999237060547,12.899999618530273,16.600000381469727
0.0,13.9399995803833,25.100000381469727,21.18000030517578,19.100000381469727,13.800000190734863,31.399999618530273,32.900001525878906,19.5,23.0,28.309999465942383,26.8799991607666,16.78499984741211,19.454999923706055,20.360000610351562,22.65000009536743
1.0,100.0,47.0,17.0,75.0,39.0,61.0,81.0,35.0,106.0,42.5,79.0,44.5,26.0,37.0,32.5
1.0,16.0,11.699999809265137,13.0,16.799999237060547,15.0,17.0,18.600000381469727,10.0,14.0,14.0,8.0,16.200000762939453,10.0,20.0,12.5
1.0,18.0,17.0,22.0,11.0,7.0,12.0,14.0,14.0,17.0,18.200000762939453,15.0,15.300000190734863,21.299999237060547,10.0,12.0
1.0,17.100000381469727,23.5,16.0,17.0,19.100000381469727,21.299999237060547,21.5,19.399999618530273,19.600000381469727,24.200000762939453,19.399999618530273,24.899999618530273,19.700000762939453,18.249999523162842,21.850000381469727
0.0,28.399999618530273,26.600000381469727,29.600000381469727,21.799999237060547,21.799999237060547,26.399999618530273,21.200000762939453,30.799999237060547,28.799999237060547,34.20000076293945,26.799999237060547,23.600000381469727,22.5,23.200000762939453,26.600000381469727
1.0,6.0,6.0,4.0,5.900000095367432,6.099999904632568,8.600000381469727,14.5,9.0,8.399999618530273,9.399999618530273,4.300000190734863,4.5,5.649999976158142,4.950000047683716,44.04999923706055
1.0,11.0,10.899999618530273,14.0,11.0,12.0,11.0,12.0,14.0,8.0,14.0,12.0,13.0,12.0,15.550000190734863,12.449999809265137
1.0,14.800000190734863,25.645000457763672,18.385000228881836,24.44499921798706,22.200000762939453,19.850000381469727,19.84000015258789,23.80500030517578,23.450000762939453,22.71500015258789,18.124999523162842,22.550000190734863,22.145000457763672,12.985000133514404,19.475000381469727,11.115000009536743,16.105000019073486
1.0,3.299999952316284,5.400000095367432,5.0,6.099999904632568,5.800000190734863,6.0,3.5,3.799999952316284,4.699999809265137,3.4000000953674316,5.199999809265137,4.199999809265137,4.150000095367432,6.500000238418579,6.5
0.0,21.200000762939453,18.699999809265137,14.5,40.09999942779541,19.699999809265137,23.149999618530273,19.850000381469727,15.75,21.149999618530273,17.550000190734863,32.30000019073486,24.0,12.399999618530273,20.399999618530273,18.999999523162842,15.900000095367432,30.950000762939453,13.900000095367432
0.0,12.199999809265137,17.299999237060547,11.899999618530273,9.199999809265137,7.300000190734863,11.0,13.800000190734863,7.0,11.800000190734863,12.699999809265137,13.0,10.399999618530273,12.0,12.0,12.300000190734863
0.0,10.0,7.0,12.399999618530273,9.800000190734863,9.199999809265137,9.0,13.300000190734863,10.399999618530273,8.0,5.5,4.699999809265137,9.100000381469727,13.600000381469727,6.6499998569488525,11.650000095367432
1.0,13.300000190734863,7.199999809265137,8.199999809265137,11.300000190734863,12.600000381469727,20.299999237060547,13.300000190734863,11.800000190734863,12.399999618530273,12.0,17.700000762939453,14.0,18.899999618530273,14.199999809265137,88.74999856948853
0.0,13.0,14.0,21.0,15.100000381469727,15.0,20.0,16.299999237060547,17.0,9.699999809265137,18.0,16.399999618530273,11.300000190734863,7.900000095367432,15.899999618530273,14.099999904632568
0.0,6.0,7.0,5.0,7.0,7.0,5.800000190734863,13.0,13.0,10.0,8.0,9.5,12.399999618530273,5.199999809265137,7.0,8.900000095367432
1.0,11.0,14.0,12.0,17.0,14.0,10.0,13.0,10.0,11.5,19.0,17.0,13.0,14.0,18.0,16.0
0.0,16.0,15.800000190734863,11.0,14.0,17.0,18.0,14.5,11.0,15.0,16.0,8.0,11.849999904632568,14.25,15.5,16.550000190734863
0.0,12.0,4.599999904632568,7.300000190734863,11.399999618530273,6.5,13.5,10.0,7.5,6.699999809265137,10.5,8.0,8.25,10.900000095367432,7.75,6.25
1.0,20.700000762939453,20.0,12.100000381469727,24.5,18.399999618530273,20.799999237060547,14.0,14.100000381469727,9.300000190734863,16.0,18.5,18.0,17.700000762939453,17.299999237060547,17.0
1.0,72.0,67.0,84.0,131.0,72.0,83.0,111.5999984741211,81.0,17.0,36.0,81.0,55.0,96.5999984741211,77.75,85.0999984741211
1.0,13.5,8.0,11.100000381469727,13.300000190734863,7.900000095367432,11.600000381469727,6.700000047683716,11.900000095367432,8.449999809265137,34.0,14.649999618530273,9.550000190734863,10.400000095367432,24.59999990463257,12.25
1.0,12.699999809265137,18.700000762939453,13.899999618530273,22.899999618530273,28.5,15.5,14.199999809265137,13.5,17.5,23.799999237060547,7.699999809265137,20.399999618530273,14.300000190734863,25.700000762939453,24.149999618530273
0.0,6.800000190734863,8.869999885559082,8.600000381469727,9.300000190734863,7.730000019073486,8.399999618530273,9.300000190734863,7.199999809265137,9.0,9.800000190734863,8.600000381469727,6.900000095367432,6.549999952316284,8.750000238418579,8.674999952316284
1.0,23.899999618530273,18.600000381469727,23.200000762939453,15.899999618530273,16.200000762939453,24.399999618530273,17.100000381469727,13.399999618530273,17.700000762939453,18.5,14.600000381469727,22.399999618530273,19.200000762939453,18.949999809265137,15.549999713897705
1.0,11.0,9.0,13.0,11.0,11.0,7.0,14.0,17.0,19.0,13.0,9.0,9.0,16.0,9.0,9.0
1.0,10.0,8.0,7.0,14.0,6.5,9.0,9.399999618530273,5.099999904632568,4.699999809265137,11.0,10.0,10.0,8.600000381469727,8.0,11.0
0.0,40.400001525878906,26.899999618530273,39.900001525878906,41.900001525878906,32.0,36.35000038146973,39.60000038146973,37.5,44.60000038146973,35.64999961853027,45.5,47.70000076293945,40.44999980926514,40.80000019073486,39.25
1.0,6.0,12.0,7.0,10.0,7.0,11.0,16.0,11.0,14.0,15.0,14.0,13.5,27.5,15.5,12.0
0.0,9.5,14.100000381469727,10.199999809265137,10.100000381469727,15.0,15.0,12.0,17.0,10.399999618530273,10.699999809265137,14.449999809265137,10.099999904632568,12.149999618530273,12.75,15.449999809265137
1.0,26.0,49.0,52.70000076293945,28.299999237060547,58.0,41.0,24.0,44.0,39.29999923706055,34.0,48.0,37.0,49.0,27.0,31.5
0.0,16.0,8.600000381469727,14.0,7.0,17.399999618530273,16.299999237060547,20.0,8.899999618530273,13.0,13.5,11.400000095367432,13.0,16.699999809265137,13.150000095367432,14.75
0.0,8.899999618530273,11.600000381469727,10.5,12.800000190734863,10.5,11.200000286102295,11.600000381469727,12.400000095367432,10.850000381469727,11.5,14.350000381469727,12.050000190734863,11.799999713897705,11.25,8.350000381469727
1.0,28.610000610351562,30.350000381469727,15.399999618530273,26.40999984741211,17.309999465942383,17.200000762939453,23.299999237060547,33.68000030517578,17.200000762939453,15.800000190734863,20.229999542236328,25.899999618530273,21.700000762939453,21.299999237060547,27.595001220703125
0.0,6.400000095367432,6.800000190734863,10.0,9.0,8.800000190734863,6.800000190734863,11.0,5.599999904632568,10.0,9.0,10.0,5.0,7.300000190734863,8.0,8.599999904632568
1.0,9.0,8.0,15.0,9.0,3.5,12.0,10.0,7.299999952316284,7.349999904632568,9.75,10.5,9.25,8.5,10.849999904632568,10.400000095367432
0.0,9.600000381469727,9.399999618530273,11.0,8.199999809265137,9.600000381469727,10.699999809265137,12.899999618530273,10.199999809265137,15.800000190734863,7.699999809265137,14.5,8.75,13.199999809265137,10.949999809265137,8.900000095367432
1.0,7.5,9.0,5.099999904632568,7.5,9.600000381469727,7.099999904632568,4.300000190734863,5.400000095367432,6.699999809265137,5.300000190734863,6.199999809265137,7.800000190734863,9.800000190734863,8.150000095367432,8.149999856948853
1.0,6.5,6.099999904632568,5.800000190734863,6.300000190734863,6.400000095367432,6.900000095367432,4.0,10.899999618530273,3.5999999046325684,6.800000190734863,6.5,7.0,6.5,7.599999904632568,5.599999904632568
1.0,20.0,22.299999237060547,38.599998474121094,27.5,43.599998474121094,21.799999237060547,29.0,16.299999237060547,22.299999237060547,16.299999237060547,23.100000381469727,25.5,16.700000762939453,25.200000762939453,16.09999990463257
0.0,12.600000381469727,11.300000190734863,7.900000095367432,9.0,8.699999809265137,7.900000095367432,11.600000381469727,11.100000381469727,10.699999809265137,7.5,12.199999809265137,10.100000381469727,6.800000190734863,10.800000190734863,11.800000190734863
1.0,11.0,7.400000095367432,8.0,9.0,8.0,7.5,8.100000381469727,10.0,9.199999809265137,7.0,9.0,8.600000381469727,5.099999904632568,7.0,9.700000286102295
1.0,6.300000190734863,3.799999952316284,12.699999809265137,8.399999618530273,5.0,5.599999904632568,8.300000190734863,5.599999904632568,7.800000190734863,9.199999809265137,5.099999904632568,5.900000095367432,7.099999904632568,4.800000190734863,7.349999904632568
1.0,37.25,30.850000381469727,29.25,45.900001525878906,27.399999618530273,45.650001525878906,25.799999237060547,35.85000038146973,27.125,38.57499980926514,33.97500038146973,31.524999618530273,30.59999942779541,37.125,36.72499942779541
0.0,10.800000190734863,7.0,9.199999809265137,6.0,9.0,12.0,11.0,8.800000190734863,11.600000381469727,11.100000381469727,10.0,10.0,10.599999904632568,11.550000190734863,12.900000095367432
0.0,13.399999618530273,12.199999809265137,11.5,8.199999809265137,13.100000381469727,7.099999904632568,8.5,12.199999809265137,9.800000190734863,11.199999809265137,12.800000190734863,10.899999618530273,7.800000190734863,13.5,13.450000286102295
0.0,13.0,16.5,6.0,10.100000381469727,14.0,12.699999809265137,11.0,9.0,11.300000190734863,10.899999618530273,14.600000381469727,14.800000190734863,14.0,15.699999809265137,12.5
0.0,15.0,17.0,13.0,11.0,17.5,15.0,12.0,13.0,8.0,13.100000381469727,4.0,11.800000190734863,10.5,12.0,16.5
1.0,44.5,32.900001525878906,67.0999984741211,51.29999923706055,45.79999923706055,35.400001525878906,38.900001525878906,55.900001525878906,56.599998474121094,56.29999923706055,53.20000076293945,59.599998474121094,45.599998474121094,36.20000076293945,36.20000076293945
0.0,16.0,7.0,11.0,13.0,9.0,6.5,7.0,7.799999952316284,12.0,10.5,7.400000095367432,11.5,8.5,8.5,10.349999904632568
1.0,30.299999237060547,16.200000762939453,23.600000381469727,18.600000381469727,24.299999237060547,12.100000381469727,27.799999237060547,16.600000381469727,20.100000381469727,17.600000381469727,29.200000762939453,16.5,22.300000190734863,13.300000190734863,17.199999809265137
1.0,5.099999904632568,6.0,2.700000047683716,6.0,4.0,3.799999952316284,6.0,4.0,5.5,7.299999952316284,3.7499998807907104,5.900000095367432,5.450000047683716,9.5,5.0
0.0,37.0,28.0,36.0,30.899999618530273,38.70000076293945,33.0,37.79999923706055,35.0,25.25,26.600000381469727,36.04999923706055,31.0,34.69999980926514,36.650001525878906,31.0
0.0,10.0,7.300000190734863,17.0,10.600000381469727,6.599999904632568,8.0,15.0,7.599999904632568,5.300000190734863,6.099999904632568,9.100000381469727,11.5,9.950000047683716,14.5,6.299999952316284
0.0,7.0,11.0,12.0,10.300000190734863,13.100000381469727,15.300000190734863,12.0,14.199999809265137,16.199999809265137,13.449999809265137,14.200000286102295,16.700000286102295,14.150000095367432,17.600000381469727,13.849999904632568
0.0,13.0,10.0,11.899999618530273,7.199999809265137,7.099999904632568,9.0,5.0,7.0,15.199999809265137,5.0,11.0,7.0,5.0,9.5,7.450000047683716
1.0,15.0,16.5,16.0,20.0,12.800000190734863,11.700000286102295,13.0,8.199999809265137,17.100000381469727,13.600000381469727,13.650000095367432,17.0,13.0,10.5,12.399999618530273
1.0,7.710000038146973,10.970000267028809,12.109999656677246,10.229999542236328,7.820000171661377,7.28000020980835,10.454999923706055,9.950000047683716,14.900000095367432,10.940000057220459,12.049999713897705,11.315000057220459,8.34000015258789,8.49500036239624,8.730000019073486
1.0,10.0,10.0,16.100000381469727,14.0,10.800000190734863,14.0,13.199999809265137,16.299999237060547,11.5,10.699999809265137,12.199999809265137,23.0,5.0,14.0,27.799999237060547
1.0,9.100000381469727,11.0,11.600000381469727,6.0,7.0,6.0,4.5,8.0,5.400000095367432,339.29998779296875,9.0,7.5,10.0,7.200000047683716,11.200000047683716
0.0,7.0,15.0,18.0,10.0,4.800000190734863,8.399999618530273,17.0,10.199999809265137,17.0,14.399999618530273,8.899999618530273,12.0,13.0,10.650000095367432,13.0
0.0,19.0,6.699999809265137,11.0,6.0,6.0,5.0,12.0,9.100000381469727,12.300000190734863,12.300000190734863,12.699999809265137,11.100000381469727,10.5,11.0,9.449999809265137
0.0,68.0,46.35000038146973,34.05000019073486,42.85000038146973,43.0,40.79999923706055,47.89999961853027,48.30000019073486,37.60000038146973,27.800000190734863,43.39999961853027,39.19999980926514,74.0,38.5,40.35000038146973,45.79999923706055,42.5,65.0,48.29999923706055
0.0,12.5,7.0,11.0,13.0,11.0,12.0,11.0,8.0,9.0,12.0,11.399999618530273,9.150000095367432,10.199999809265137,10.199999809265137,8.050000190734863
1.0,32.0,40.0,40.0,36.0,42.29999923706055,28.0,36.0,43.099998474121094,34.0,25.0,36.70000076293945,50.900001525878906,33.0,35.0,43.0
1.0,20.0,23.0,13.0,15.0,14.0,16.0,18.0,22.0,13.0,17.0,14.0,24.0,14.0,17.5,16.5
0.0,44.0,32.0,41.0,39.0,45.0,50.5,30.0,28.799999237060547,24.0,53.0,29.700000762939453,38.0,26.0,38.0,36.0
1.0,7.5,10.0,11.0,7.099999904632568,7.599999904632568,10.0,9.0,11.0,9.0,6.599999904632568,8.299999952316284,8.849999904632568,10.349999904632568,10.050000190734863,7.6499998569488525
0.0,6.5,11.100000381469727,5.800000190734863,11.0,12.0,8.0,5.0,9.800000190734863,7.0,11.0,6.799999952316284,9.150000095367432,6.349999904632568,9.25,10.5
0.0,6.0,7.099999904632568,6.0,8.199999809265137,8.0,6.6000001430511475,5.6499998569488525,7.1499998569488525,7.299999952316284,7.800000190734863,7.700000047683716,7.299999952316284,7.049999952316284,7.5,8.900000095367432
1.0,14.100000381469727,14.600000381469727,14.100000381469727,22.0,26.200000762939453,21.0,19.600000381469727,16.0,15.300000190734863,22.200000762939453,14.0,14.600000381469727,31.100000381469727,24.600000381469727,9.800000190734863
1.0,10.0,18.5,20.399999618530273,17.0,12.600000381469727,48.70000076293945,12.0,17.0,20.700000762939453,16.0,12.0,15.600000381469727,15.0,17.25,13.800000190734863
1.0,21.0,31.0,17.700000762939453,26.0,10.5,13.5,21.5,29.0,26.5,22.75,13.699999809265137,23.5,19.5,14.5,15.0
0.0,20.200000762939453,189.89999389648438,179.6999969482422,564.7000122070312,31.899999618530273,33.29999923706055,32.400001525878906,427.6000061035156,33.70000076293945,246.1999969482422,23.299999237060547,27.200000762939453,20.399999618530273,19.200000762939453,206.5
0.0,10.0,8.0,8.300000190734863,8.0,12.600000381469727,7.800000190734863,10.399999618530273,6.800000190734863,10.300000190734863,10.300000190734863,7.900000095367432,10.5,8.0,11.050000190734863,9.25
1.0,8.800000190734863,13.0,16.799999237060547,15.699999809265137,10.899999618530273,25.200000762939453,19.700000762939453,9.800000190734863,23.5,12.100000381469727,9.100000381469727,15.300000190734863,22.0,15.499999523162842,19.25
1.0,22.399999618530273,13.399999618530273,16.600000381469727,12.199999809265137,9.300000190734863,9.300000190734863,10.199999809265137,10.800000190734863,14.399999618530273,6.900000095367432,10.300000190734863,11.0,10.199999809265137,17.399999618530273,7.0
1.0,24.399999618530273,35.5,35.599998474121094,22.899999618530273,26.299999237060547,23.0,41.0,28.600000381469727,25.700000762939453,21.0,16.899999618530273,32.5,22.0,28.799999237060547,22.600000381469727
0.0,3.0399999618530273,8.300000190734863,4.5,7.449999809265137,6.099999904632568,6.800000190734863,10.789999961853027,7.920000076293945,5.21999990940094,6.28000020980835,9.050000190734863,6.049999952316284,3.8850001096725464,4.600000023841858,8.46999979019165
1.0,33.0,58.0,32.0,56.0,43.0,34.0,37.0,52.0,45.0,49.0,31.0,55.0,52.5,45.0,43.5
1.0,14.0,20.0,18.0,15.699999809265137,10.449999809265137,11.349999904632568,13.699999809265137,15.0,16.65000009536743,12.950000286102295,15.349999904632568,16.5,15.799999713897705,13.850000381469727,12.150000095367432
1.0,9.899999618530273,12.5,16.100000381469727,8.699999809265137,22.0,9.0,25.899999618530273,21.600000381469727,8.399999618530273,8.0,8.0,9.0,7.699999809265137,13.399999618530273,19.100000381469727
0.0,12.0,38.0,8.100000381469727,9.199999809265137,9.0,4.800000190734863,145.0,6.5,7.099999904632568,8.100000381469727,12.800000190734863,4.900000095367432,10.300000190734863,7.199999809265137,208.40000009536743
1.0,23.299999237060547,32.099998474121094,37.400001525878906,28.200000762939453,20.600000381469727,32.29999923706055,36.20000076293945,26.200000762939453,36.099998474121094,29.799999237060547,29.800000190734863,29.200000762939453,30.049999237060547,27.049999237060547,27.55000114440918
0.0,12.800000190734863,12.100000381469727,7.510000228881836,8.600000381469727,9.699999809265137,9.699999809265137,6.599999904632568,7.800000190734863,9.300000190734863,4.900000095367432,10.899999618530273,9.800000190734863,5.5,7.400000095367432,7.699999809265137
0.0,19.0,16.200000762939453,15.100000381469727,14.699999809265137,13.0,10.199999809265137,9.0,15.699999809265137,11.900000095367432,13.5,16.5,12.900000095367432,14.5,11.5,21.0
1.0,11.5,8.0,6.699999809265137,12.399999618530273,14.0,10.0,12.399999618530273,15.0,11.0,12.0,7.0,13.0,13.100000381469727,12.100000381469727,10.0
1.0,20.799999237060547,20.399999618530273,17.299999237060547,17.399999618530273,17.5,14.899999618530273,20.5,16.700000762939453,20.700000762939453,21.049999237060547,17.899999618530273,20.950000762939453,22.75,20.399999618530273,16.949999809265137
0.0,19.100000381469727,22.299999237060547,23.899999618530273,20.700000762939453,19.799999237060547,14.300000190734863,16.5,22.700000762939453,22.40000057220459,19.050000190734863,25.5,25.75,21.15000057220459,23.300000190734863,19.59999942779541
0.0,6.0,6.599999904632568,9.0,5.300000190734863,6.0,6.300000190734863,6.0,8.5,9.650000095367432,8.299999952316284,12.0,6.200000047683716,7.150000095367432,8.400000095367432,8.599999904632568
0.0,12.0,17.700000762939453,13.300000190734863,14.0,13.0,15.0,17.299999237060547,14.199999809265137,13.399999618530273,14.0,10.0,14.0,11.300000190734863,12.0,13.050000190734863
1.0,14.0,72.69999694824219,8.0,14.0,14.300000190734863,28.799999237060547,11.0,12.199999809265137,109.5999984741211,9.100000381469727,9.0,15.199999809265137,15.0,35.79999923706055,7.5
1.0,11.489999771118164,15.369999885559082,34.5,12.109999656677246,18.770000457763672,12.470000267028809,14.899999618530273,14.699999809265137,19.100000381469727,16.170000076293945,21.760000228881836,19.56999969482422,14.589999675750732,12.390000343322754,14.200000286102295
1.0,20.0,9.0,28.0,15.0,10.0,14.0,19.0,24.0,9.0,23.0,23.0,13.0,11.0,7.0,18.0
0.0,10.5,6.199999809265137,6.0,7.630000114440918,21.100000381469727,17.799999237060547,18.0,12.100000381469727,9.770000457763672,10.170000076293945,13.0600004196167,10.800000190734863,10.399999618530273,14.5,12.255000114440918
1.0,37.0,61.0,21.0,47.0,35.0,40.0,62.0,81.0,40.0,47.0,36.0,51.0,31.0,30.0,48.0
0.0,12.0,11.0,11.0,16.0,11.0,11.0,12.0,15.0,14.0,11.0,13.0,15.800000190734863,13.0,14.0,15.300000190734863
0.0,7.099999904632568,11.0,9.0,5.099999904632568,6.900000095367432,5.199999809265137,6.0,7.0,6.800000190734863,11.0,5.400000095367432,14.0,16.0,11.0,7.0
1.0,8.600000381469727,9.300000190734863,13.0,11.0,11.699999809265137,13.899999618530273,12.800000190734863,12.5,12.349999904632568,10.450000286102295,10.549999952316284,15.599999904632568,11.849999904632568,15.849999904632568,11.800000190734863
1.0,23.0,26.0,18.0,31.0,20.0,18.0,23.0,41.0,25.0,25.0,22.5,24.0,16.0,26.5,25.5
1.0,38.0,65.69999694824219,36.79999923706055,39.099998474121094,41.599998474121094,37.79999923706055,35.099998474121094,45.400001525878906,35.099998474121094,33.70000076293945,37.79999923706055,35.20000076293945,37.5,148.64999961853027,42.14999961853027
1.0,36.099998474121094,39.0,51.0,42.5,55.0,49.0,41.5,36.0,34.5,44.0,51.0,36.39999961853027,39.39999961853027,39.10000038146973,48.85000038146973
0.0,11.0,4.75,9.0,10.099999904632568,8.800000190734863,9.699999809265137,11.5,8.549999952316284,7.800000190734863,6.800000190734863,8.25,10.0,7.700000047683716,8.450000047683716,12.449999809265137,10.5,8.5,9.300000190734863,8.449999809265137,10.099999904632568
0.0,16.0,20.899999618530273,17.0,8.600000381469727,10.0,15.399999618530273,23.299999237060547,10.199999809265137,14.0,11.699999809265137,9.0,19.0,11.900000095367432,14.5,15.099999904632568
1.0,24.899999618530273,10.300000190734863,21.100000381469727,35.900001525878906,22.100000381469727,11.899999618530273,19.799999237060547,21.5,18.100000381469727,23.0,27.200000762939453,15.800000190734863,15.399999618530273,21.600000381469727,21.899999618530273
0.0,14.100000381469727,23.399999618530273,13.0,12.529999732971191,10.100000381469727,14.699999809265137,13.699999809265137,14.630000114440918,13.739999771118164,11.899999618530273,8.699999809265137,13.545000076293945,17.125000476837158,12.500000476837158,12.200000286102295
1.0,27.0,25.0,23.0,24.0,23.0,17.0,16.0,24.0,24.0,18.0,13.0,18.5,21.0,22.0,18.0
0.0,14.800000190734863,13.800000190734863,14.399999618530273,18.299999237060547,12.899999618530273,13.699999809265137,20.200000762939453,18.200000762939453,8.900000095367432,14.5,17.299999713897705,21.200000762939453,12.699999809265137,21.65000057220459,17.049999713897705
1.0,29.0,18.5,26.0,31.5,24.899999618530273,25.300000190734863,30.0,20.0,26.0,26.5,26.399999618530273,24.449999809265137,28.0,21.300000190734863,24.5,25.5,26.5
0.0,7.800000190734863,9.300000190734863,10.600000381469727,15.0,15.0,8.0,10.0,12.0,7.0,8.0,12.0,6.0,10.399999618530273,12.399999618530273,11.100000381469727
1.0,22.100000381469727,12.8100004196167,15.229999542236328,12.699999809265137,24.799999237060547,13.199999809265137,19.899999618530273,22.049999237060547,14.484999656677246,15.815000534057617,22.27500057220459,16.824999809265137,15.350000381469727,17.384999752044678,18.885000228881836
0.0,6.199999809265137,31.100000381469727,12.199999809265137,9.0,12.600000381469727,9.0,14.199999809265137,7.0,4.0,8.25,14.300000190734863,19.300000190734863,11.0,12.0,9.000000238418579
0.0,11.0,9.0,13.899999618530273,6.0,10.899999618530273,8.0,14.100000381469727,10.0,10.600000381469727,11.0,13.5,10.0,11.0,12.899999618530273,10.449999809265137
1.0,8.300000190734863,9.100000381469727,10.0,12.0,9.0,11.0,10.0,12.100000381469727,10.0,11.100000381469727,10.100000381469727,10.0,9.5,11.400000095367432,11.5
0.0,34.0,31.0,35.0,20.0,23.0,32.0,38.0,20.0,27.0,29.0,19.0,39.0,31.0,25.0,28.5
1.0,20.0,12.0,15.0,15.0,15.899999618530273,12.0,8.100000381469727,9.899999618530273,24.0,11.0,13.800000190734863,10.600000381469727,17.299999237060547,16.0,10.899999618530273
0.0,15.399999618530273,7.699999809265137,18.299999237060547,10.899999618530273,14.199999809265137,16.700000762939453,11.300000190734863,14.800000190734863,13.699999809265137,16.299999237060547,11.5,12.699999809265137,6.900000095367432,12.5,8.800000190734863
0.0,8.600000381469727,13.0,17.200000762939453,12.899999618530273,6.0,11.0,12.0,11.5,7.5,9.5,9.600000381469727,8.25,9.25,5.400000095367432,8.0
1.0,11.5,12.800000190734863,15.0,17.299999237060547,12.800000190734863,12.399999618530273,16.100000381469727,11.600000381469727,12.199999809265137,29.0,16.100000381469727,13.800000190734863,15.699999809265137,17.0,14.350000381469727
0.0,13.649999618530273,12.260000228881836,13.399999618530273,9.230000019073486,9.680000305175781,11.360000133514404,11.614999771118164,11.734999656677246,10.910000324249268,8.52999997138977,7.949999809265137,7.854999780654907,8.240000009536743,12.110000133514404,10.71500015258789
0.0,6.699999809265137,7.900000095367432,10.0,6.0,4.199999809265137,7.0,10.0,8.600000381469727,6.0,5.900000095367432,6.5,8.0,7.0,5.900000095367432,5.599999904632568
0.0,5.699999809265137,4.599999904632568,8.300000190734863,8.199999809265137,6.599999904632568,5.900000095367432,8.600000381469727,7.0,9.199999809265137,11.0,9.0,8.200000047683716,7.050000190734863,7.0,11.0
0.0,7.0,8.699999809265137,9.5,7.650000095367432,7.5,4.950000047683716,8.599999904632568,8.349999904632568,7.5,11.0,7.0,9.0,8.049999952316284,7.550000190734863,10.5
0.0,12.0,10.0,17.200000762939453,16.0,16.0,13.0,16.0,24.0,8.600000381469727,7.599999904632568,10.5,15.0,18.0,14.350000381469727,17.5
1.0,17.0,22.0,16.100000381469727,18.0,17.899999618530273,18.0,25.0,14.100000381469727,21.0,18.299999237060547,16.200000762939453,17.0,25.0,20.399999618530273,21.0
0.0,10.399999618530273,6.099999904632568,8.300000190734863,11.600000381469727,5.699999809265137,16.0,6.199999809265137,10.300000190734863,10.0,11.0,8.0,7.599999904632568,7.400000095367432,6.5,8.099999904632568
0.0,24.0,45.0,22.399999618530273,27.299999237060547,29.0,34.0,35.29999923706055,36.79999923706055,27.100000381469727,20.700000762939453,30.0,33.900001525878906,23.399999618530273,30.5,29.200000762939453
0.0,10.0,13.0,10.0,7.5,12.0,7.0,9.849999904632568,11.0,9.5,12.0,10.650000095367432,8.5,10.25,8.799999952316284,9.75
1.0,11.0,8.800000190734863,8.0,11.0,7.699999809265137,9.0,8.0,9.0,9.0,7.900000095367432,8.5,5.099999904632568,7.650000095367432,7.150000095367432,6.25
1.0,141.0,16.0,121.0,17.0,20.0,15.0,18.0,19.0,52.20000076293945,20.200000762939453,16.0,16.399999618530273,14.899999618530273,22.100000381469727,14.550000190734863
0.0,12.0,7.699999809265137,15.0,8.699999809265137,15.0,12.100000381469727,13.199999809265137,10.699999809265137,9.0,14.0,11.0,14.0,13.899999618530273,8.699999809265137,11.900000095367432
1.0,35.099998474121094,20.0,28.0,17.0,30.200000762939453,22.0,29.0,18.0,29.0,11.0,19.0,27.5,35.0,34.29999923706055,25.449999809265137
0.0,6.5,8.399999618530273,11.300000190734863,9.399999618530273,11.0,7.0,3.0,6.400000095367432,8.0,7.0,8.0,8.0,6.5,118.25,6.450000047683716
0.0,7.199999809265137,5.5,6.300000190734863,10.0,6.0,10.0,11.0,10.0,8.0,8.399999618530273,4.400000095367432,6.800000190734863,8.0,6.400000095367432,6.599999904632568
1.0,6.599999904632568,10.270000457763672,7.0,6.0,8.0,8.199999809265137,4.0,13.09000015258789,10.300000190734863,7.0,3.4000000953674316,7.0,12.609999656677246,7.230000019073486,13.380000114440918
0.0,22.0,22.600000381469727,27.100000381469727,28.0,23.0,25.0,29.0,27.0,26.449999809265137,20.5,23.59999942779541,21.699999809265137,21.449999809265137,22.0,27.0
0.0,27.0,15.0,22.100000381469727,17.0,18.200000762939453,19.0,17.700000762939453,18.0,11.349999904632568,17.09999990463257,15.600000381469727,15.899999618530273,13.199999809265137,17.299999237060547,23.350000381469727
0.0,102.62000274658203,46.79999923706055,44.040000915527344,82.66000366210938,53.529998779296875,40.599998474121094,68.12499809265137,49.345001220703125,51.68000030517578,51.83000183105469,67.42999935150146,43.30999946594238,60.25000190734863,62.29999923706055,58.010000228881836
1.0,25.799999237060547,22.0,22.600000381469727,14.100000381469727,33.5,21.399999618530273,17.799999237060547,25.899999618530273,20.600000381469727,25.399999618530273,26.0,23.84999942779541,28.949999809265137,24.350000381469727,25.199999809265137
1.0,45.099998474121094,38.0,33.400001525878906,64.0,47.20000076293945,33.0,28.0,42.0,152.0,277.0,54.0,26.200000762939453,32.599998474121094,48.0,37.0
0.0,8.5,13.5,13.0,17.399999618530273,9.5,11.699999809265137,12.0,10.150000095367432,10.0,14.700000286102295,11.5,14.650000095367432,14.5,13.25,11.900000095367432
0.0,13.199999809265137,12.199999809265137,20.200000762939453,14.5,16.600000381469727,15.199999809265137,15.34999942779541,18.600000381469727,12.550000190734863,14.75,14.950000286102295,18.25,18.15000009536743,12.900000095367432,14.399999618530273
0.0,8.644999742507935,11.570000171661377,7.5,11.150000095367432,9.049999713897705,8.539999723434448,6.2200000286102295,9.169999837875366,13.450000286102295,6.485000133514404,7.8999998569488525,8.74750006198883,7.7225000858306885,8.047500014305115,7.849999904632568
1.0,14.0,17.0,16.100000381469727,26.0,15.0,15.0,19.050000190734863,19.850000381469727,19.0,21.5,17.0,11.0,15.099999904632568,18.09999942779541,15.849999904632568
0.0,6.090000152587891,6.150000095367432,6.539999961853027,8.049999713897705,9.0,8.900000095367432,11.350000381469727,6.550000190734863,9.300000190734863,9.699999809265137,7.900000095367432,10.849999904632568,9.024999856948853,7.850000023841858,8.68999993801117
0.0,19.0,15.5,20.700000762939453,21.399999618530273,25.5,21.299999237060547,15.899999618530273,14.0,15.599999904632568,15.0,18.699999809265137,14.5,11.550000190734863,18.40000057220459,16.199999809265137
1.0,7.400000095367432,14.199999809265137,15.699999809265137,13.600000381469727,13.5,11.5,14.0,12.100000381469727,14.100000381469727,11.199999809265137,14.199999809265137,14.0,15.399999618530273,14.350000381469727,17.34999990463257
1.0,49.099998474121094,26.0,39.0,78.0,36.0,20.0,50.79999923706055,18.0,26.0,21.0,46.95000076293945,34.5,28.0,39.0,37.29999923706055
0.0,8.450000047683716,7.0,7.0,8.5,7.0,8.0,7.900000095367432,9.0,9.199999809265137,9.349999904632568,8.0,8.799999952316284,8.5,7.25,9.400000095367432
1.0,52.0,54.5,52.0,54.20000076293945,67.0,47.20000076293945,48.29999923706055,62.0,75.0,51.0,44.0,49.099998474121094,46.0,58.5,55.39999961853027
0.0,26.5,15.199999809265137,10.899999618530273,18.600000381469727,12.800000190734863,14.899999618530273,13.600000381469727,15.300000190734863,12.199999809265137,20.799999237060547,16.299999237060547,10.399999618530273,17.899999618530273,14.0,16.749999523162842
1.0,11.600000381469727,14.199999809265137,19.100000381469727,9.899999618530273,7.400000095367432,8.100000381469727,9.5,10.5,11.199999809265137,11.349999904632568,12.049999713897705,9.300000190734863,10.75,14.349999904632568,9.949999809265137
1.0,40.29999923706055,25.0,20.200000762939453,21.399999618530273,12.0,19.799999237060547,19.0,23.0,36.20000076293945,19.15000009536743,25.0,31.75,62.20000076293945,22.0,50.99999809265137
0.0,14.0,13.399999618530273,12.0,16.0,12.0,14.0,17.0,13.100000381469727,13.0,16.0,15.0,12.5,14.0,11.0,12.599999904632568
1.0,18.100000381469727,13.300000190734863,17.399999618530273,18.5,19.899999618530273,20.399999618530273,18.899999618530273,18.200000762939453,27.5,13.0,19.399999618530273,15.549999713897705,16.749999523162842,20.250000476837158,13.549999713897705
1.0,17.200000762939453,14.5,22.0,42.20000076293945,32.099998474121094,14.5,16.700000762939453,35.900001525878906,33.79999923706055,41.900001525878906,15.600000381469727,21.100000381469727,16.75,19.449999809265137,15.699999809265137
1.0,15.5,12.180000305175781,11.0,13.600000381469727,12.6899995803833,10.399999618530273,8.600000381469727,12.0,10.699999809265137,10.130000114440918,14.399999618530273,13.100000381469727,10.855000019073486,12.350000381469727,13.820000171661377
1.0,11.0,6.300000190734863,11.100000381469727,14.0,16.0,8.899999618530273,13.0,11.0,5.099999904632568,8.0,7.400000095367432,9.0,16.899999618530273,11.899999618530273,6.900000095367432
1.0,27.700000762939453,19.100000381469727,21.5,22.200000762939453,25.600000381469727,23.799999237060547,29.299999237060547,27.100000381469727,27.0,25.899999618530273,23.0,19.799999237060547,29.0,29.399999618530273,17.100000381469727
1.0,9.0,10.0,10.0,8.0,11.0,11.0,9.0,9.0,10.0,9.0,10.0,7.0,12.0,11.0,9.0
1.0,6.099999904632568,6.699999809265137,4.800000190734863,4.800000190734863,7.96999979019165,5.199999809265137,7.5,7.599999904632568,7.599999904632568,8.9399995803833,7.900000095367432,7.019999980926514,7.599999904632568,9.349999904632568,6.634999990463257
0.0,10.0,8.0,9.0,8.0,7.0,8.0,9.0,7.0,7.0,10.0,9.0,7.5,8.0,7.5,8.5
1.0,6.900000095367432,7.900000095367432,11.199999809265137,9.699999809265137,10.899999618530273,4.199999809265137,10.899999618530273,8.699999809265137,7.900000095367432,9.100000381469727,4.5,6.599999904632568,5.400000095367432,6.150000095367432,7.25
1.0,6.0,6.0,6.0,5.0,8.0,6.0,6.0,6.0,8.0,6.0,7.0,5.0,5.0,5.0,4.5
1.0,20.799999237060547,25.100000381469727,9.0,29.0,23.100000381469727,32.79999923706055,26.0,15.0,21.0,19.0,17.799999237060547,21.200000762939453,29.799999237060547,18.0,10.0
0.0,6.0,5.599999904632568,6.0,4.0,6.0,6.900000095367432,4.400000095367432,3.0,4.0,4.5,6.599999904632568,5.0,6.0,5.199999809265137,4.5
1.0,15.0,12.0,18.0,13.0,24.0,15.0,13.0,24.0,20.0,11.0,13.5,20.5,15.0,15.5,12.5
0.0,14.0,11.0,9.0,10.800000190734863,10.100000381469727,17.200000762939453,16.0,8.899999618530273,6.0,16.100000381469727,15.849999904632568,7.150000095367432,9.449999809265137,9.699999809265137,8.700000286102295
0.0,8.0,4.0,6.0,7.0,4.300000190734863,6.0,4.5,4.300000190734863,3.0,5.0,6.0,5.0,4.699999809265137,4.849999904632568,5.599999904632568
0.0,36.70000076293945,56.5,57.70000076293945,24.0,17.299999237060547,13.0,26.0,36.79999923706055,26.0,38.30000114440918,41.25,39.14999961853027,28.850000381469727,37.0,24.899999618530273
0.0,9.0,8.0,13.0,7.0,8.600000381469727,10.300000190734863,10.199999809265137,13.0,11.5,7.75,10.25,12.099999904632568,11.5,9.0,8.900000095367432
0.0,7.0,7.300000190734863,8.899999618530273,6.0,9.0,6.450000047683716,7.1499998569488525,7.700000047683716,6.450000047683716,9.0,6.050000071525574,6.5,7.5,5.550000190734863,6.349999904632568
1.0,37.5,29.399999618530273,49.400001525878906,103.69999694824219,39.400001525878906,52.70000076293945,41.0,34.900001525878906,48.0,54.400001525878906,81.0,39.5,62.70000076293945,39.5,132.1500015258789
1.0,10.0,11.0,5.800000190734863,10.0,7.099999904632568,9.5,4.599999904632568,8.699999809265137,12.0,10.0,10.0,7.75,6.5,10.349999904632568,7.450000047683716
1.0,13.5,19.0,12.199999809265137,19.200000762939453,15.699999809265137,18.600000381469727,26.0,16.700000762939453,17.899999618530273,15.800000190734863,24.5,14.0,17.499999523162842,18.649999618530273,15.249999523162842
0.0,4.400000095367432,5.300000190734863,8.0,4.599999904632568,5.0,8.100000381469727,9.600000381469727,8.0,6.0,4.099999904632568,6.400000095367432,12.0,4.199999809265137,6.0,6.299999952316284
0.0,21.899999618530273,15.0,24.600000381469727,15.600000381469727,22.0,17.0,18.0,20.850000381469727,19.0,17.5,21.0,18.100000381469727,14.0,18.0,20.5
0.0,7.0,14.0,11.5,14.600000381469727,11.0,11.699999809265137,10.0,10.899999618530273,7.199999809265137,11.0,10.5,8.399999618530273,10.800000190734863,12.800000190734863,8.650000095367432
1.0,20.0,31.0,20.0,35.5,28.399999618530273,34.64999961853027,40.75,34.90000009536743,34.29999923706055,41.5,28.0,28.899999618530273,25.450000762939453,20.09999990463257,23.0
1.0,7.0,7.0,7.599999904632568,9.399999618530273,4.599999904632568,12.0,10.699999809265137,8.0,9.0,10.100000381469727,9.0,11.0,7.900000095367432,9.0,9.800000190734863
0.0,21.0,17.0,21.0,10.0,19.0,16.0,8.0,14.0,17.0,15.100000381469727,10.0,18.5,14.5,14.5,16.5
1.0,36.599998474121094,40.0,32.29999923706055,23.0,34.599998474121094,34.79999923706055,22.0,26.0,35.900001525878906,38.599998474121094,36.0,30.0,37.29999923706055,33.599998474121094,32.400001525878906
0.0,9.010000228881836,11.5,10.400000095367432,11.335000038146973,13.260000228881836,10.835000038146973,7.369999885559082,11.119999885559082,12.304999828338623,9.049999713897705,8.460000276565552,7.949999809265137,7.754999876022339,9.585000038146973,12.970000267028809,11.099999904632568
1.0,19.0,20.0,17.0,14.300000190734863,26.0,18.0,22.25,19.050000190734863,26.449999809265137,18.149999618530273,28.549999237060547,20.949999809265137,27.25,21.149999618530273,20.199999809265137
1.0,7.5,13.0,14.199999809265137,9.0,5.900000095367432,11.5,8.100000381469727,9.800000190734863,15.600000381469727,6.0,9.0,5.400000095367432,10.899999618530273,12.199999809265137,11.449999809265137
1.0,28.0,31.0,23.299999237060547,19.0,16.0,23.700000762939453,24.0,27.0,23.0,23.0,21.0,32.20000076293945,25.0,24.449999809265137,21.5
0.0,21.200000762939453,42.599998474121094,27.200000762939453,20.899999618530273,27.200000762939453,14.699999809265137,23.899999618530273,20.299999237060547,20.0,14.5,31.899999618530273,26.0,35.599998474121094,27.5,32.20000076293945
0.0,8.600000381469727,6.0,7.400000095367432,9.699999809265137,7.800000190734863,7.0,7.0,6.099999904632568,7.0,10.0,6.400000095367432,5.8999998569488525,8.5,6.0,6.299999952316284
1.0,20.100000381469727,17.399999618530273,16.399999618530273,24.799999237060547,13.800000190734863,12.300000190734863,26.0,15.5,25.399999618530273,11.5,15.300000190734863,21.700000762939453,17.700000762939453,18.0,19.5
0.0,8.199999809265137,8.0,10.0,7.699999809265137,7.800000190734863,8.0,8.399999618530273,10.0,9.0,5.0,10.0,5.0,6.0,9.199999809265137,9.0
0.0,15.0,13.699999809265137,17.100000381469727,23.219999313354492,15.800000190734863,37.75,14.300000190734863,33.70000076293945,11.899999618530273,18.0,22.799999237060547,14.600000381469727,37.099998474121094,26.299999237060547,18.600000381469727
0.0,16.700000762939453,10.600000381469727,8.199999809265137,9.899999618530273,18.100000381469727,17.399999618530273,13.300000190734863,13.0,20.600000381469727,20.0,13.5,12.699999809265137,16.65000057220459,17.449999809265137,16.449999809265137
1.0,8.0,16.449999809265137,12.949999809265137,12.099999904632568,20.0,15.349999904632568,17.25,43.0,17.100000381469727,13.75,17.5,15.800000190734863,15.0,15.5,13.0,13.5,11.349999904632568,14.5,15.5,11.0
1.0,12.400000095367432,10.450000286102295,14.0,9.599999904632568,13.5,17.09999990463257,16.899999618530273,19.5,32.0,18.300000190734863,16.600000381469727,15.899999618530273,14.25,15.349999904632568,20.5
1.0,17.079999923706055,47.970001220703125,27.760000228881836,36.900001525878906,22.399999618530273,27.420000076293945,27.290000915527344,41.939998626708984,35.59000015258789,33.880001068115234,33.939998626708984,30.469999313354492,40.310001373291016,36.900001525878906,30.309999465942383
1.0,10.100000381469727,8.800000190734863,6.800000190734863,8.0,5.099999904632568,8.0,4.199999809265137,8.0,12.0,6.799999952316284,8.5,8.599999904632568,12.200000286102295,5.950000047683716,7.700000286102295
1.0,15.0,42.0,11.0,29.0,21.0,29.0,27.0,15.0,23.0,22.300000190734863,17.550000190734863,31.5,27.0,21.0,15.5
1.0,10.199999809265137,13.0,11.0,360.20001220703125,11.0,14.100000381469727,8.399999618530273,13.0,520.5,14.0,17.449999809265137,67.5999984741211,46.5,7.5,9.950000286102295
1.0,27.700000762939453,20.5,30.600000381469727,26.200000762939453,46.29999923706055,19.600000381469727,30.5,27.399999618530273,30.950000762939453,25.09999942779541,26.800000190734863,20.100000381469727,29.90000057220459,22.299999237060547,22.09999942779541
1.0,30.0,38.0,33.0,29.0,23.0,37.0,27.0,36.0,32.0,37.5,23.5,36.5,33.0,45.0,29.5
0.0,31.899999618530273,27.399999618530273,19.0,30.5,28.100000381469727,29.0,32.599998474121094,38.70000076293945,39.900001525878906,17.0,39.0,25.200000762939453,25.0,41.900001525878906,41.900001525878906
1.0,14.699999809265137,11.800000190734863,16.0,14.0,12.100000381469727,16.899999618530273,10.899999618530273,16.600000381469727,14.699999809265137,9.600000381469727,15.300000190734863,13.0,12.0,14.600000381469727,12.199999809265137
1.0,7.599999904632568,19.0,13.100000381469727,9.199999809265137,10.899999618530273,13.699999809265137,11.25,10.950000286102295,8.600000143051147,11.5,11.450000047683716,9.700000286102295,9.75,21.850000381469727,12.550000190734863
1.0,9.0,8.0,5.0,6.0,4.0,8.0,11.0,8.0,8.0,5.5,5.0,5.0,6.0,5.5,5.5
0.0,4.900000095367432,7.0,9.0,5.400000095367432,7.0,7.0,11.0,6.599999904632568,3.700000047683716,8.600000381469727,6.5,9.0,10.5,7.5,5.100000023841858
0.0,34.0,30.850000381469727,43.0,45.150001525878906,40.5,38.0,29.5,45.79999923706055,40.0,36.5,28.300000190734863,41.04999923706055,52.04999923706055,34.0,44.5
1.0,14.0,16.0,12.0,11.5,18.300000190734863,13.0,8.599999904632568,8.350000381469727,11.150000095367432,11.550000190734863,8.949999809265137,9.075000047683716,18.0,10.599999904632568,10.700000047683716
0.0,9.0,10.0,13.300000190734863,13.0,10.0,11.0,15.0,4.0,13.0,15.0,7.800000190734863,12.75,17.0,15.5,12.550000190734863
0.0,5.300000190734863,10.100000381469727,9.0,8.199999809265137,12.199999809265137,9.600000381469727,4.900000095367432,12.5,10.100000381469727,9.0,15.899999618530273,10.5,9.699999809265137,9.350000381469727,9.549999713897705
0.0,8.5,5.199999809265137,8.699999809265137,8.100000381469727,4.599999904632568,7.700000047683716,6.150000095367432,5.150000095367432,6.0,8.554999828338623,7.5950000286102295,9.235000133514404,8.609999895095825,6.734999895095825,6.6000001430511475
1.0,46.900001525878906,46.400001525878906,25.100000381469727,29.600000381469727,18.600000381469727,33.70000076293945,17.799999237060547,23.399999618530273,20.600000381469727,43.20000076293945,28.899999618530273,28.799999237060547,50.099998474121094,28.899999618530273,38.150001525878906
1.0,30.700000762939453,30.0,21.200000762939453,30.0,32.29999923706055,44.0,22.5,26.899999618530273,40.0,21.299999237060547,28.0,27.799999237060547,17.0,24.299999237060547,22.0
1.0,8.0,7.699999809265137,10.0,10.0,7.0,5.800000190734863,7.0,7.0,10.0,10.300000190734863,9.0,7.650000095367432,8.850000381469727,9.350000381469727,10.050000190734863
0.0,11.600000381469727,11.0,12.5,12.100000381469727,9.399999618530273,7.300000190734863,11.0,12.0,12.0,10.0,11.800000190734863,12.0,11.0,10.849999904632568,11.25
1.0,48.0,35.400001525878906,30.0,53.29999923706055,41.29999923706055,32.400001525878906,39.900001525878906,44.70000076293945,51.70000076293945,24.0,30.100000381469727,37.400001525878906,44.0,54.0,35.5
1.0,24.0,21.299999237060547,26.0,13.300000190734863,16.0,28.0,31.0,29.799999237060547,28.0,21.200000762939453,20.0,25.0,15.5,12.300000190734863,19.899999618530273
0.0,7.300000190734863,6.699999809265137,3.5,5.0,6.0,7.0,8.5,7.699999809265137,8.0,9.600000381469727,9.0,7.0,8.199999809265137,7.0,10.699999809265137
0.0,25.799999237060547,26.799999237060547,23.100000381469727,27.0,33.5,25.399999618530273,21.200000762939453,29.399999618530273,26.899999618530273,14.199999809265137,29.899999618530273,21.399999618530273,31.299999237060547,22.0,37.04999923706055
1.0,31.0,46.70000076293945,50.0,41.099998474121094,60.0,48.5,23.799999237060547,37.099998474121094,37.0,25.0,34.0,43.64999961853027,38.14999961853027,34.10000038146973,46.30000114440918
1.0,31.549999237060547,29.850000381469727,29.699999809265137,27.0,39.89999961853027,41.80000019073486,43.54999923706055,41.70000076293945,24.59999942779541,42.05000019073486,33.25,60.845001220703125,39.5,31.100000381469727,42.75
1.0,10.0,12.0,7.0,9.0,6.699999809265137,5.199999809265137,11.5,8.300000190734863,9.0,6.900000095367432,10.0,10.0,11.050000190734863,6.300000190734863,8.0
0.0,7.099999904632568,9.0,10.699999809265137,3.0,12.0,7.0,12.0,5.0,9.0,7.400000095367432,11.0,6.099999904632568,5.300000190734863,5.900000095367432,11.400000095367432
1.0,12.600000381469727,10.5,12.699999809265137,11.600000381469727,14.899999618530273,13.5,11.199999809265137,11.100000381469727,7.400000095367432,17.0,18.200000762939453,10.699999809265137,12.400000095367432,10.0,13.800000190734863
0.0,6.599999904632568,6.0,7.300000190734863,4.0,11.0,6.199999809265137,8.600000381469727,4.200000047683716,7.199999809265137,5.349999904632568,6.550000190734863,5.199999928474426,4.600000023841858,5.900000095367432,7.0
0.0,22.0,14.0,12.0,14.100000381469727,13.0,19.399999618530273,10.0,14.0,23.0,20.0,12.050000190734863,16.09999990463257,12.650000095367432,16.800000190734863,16.90000009536743
1.0,24.799999237060547,42.0,22.0,28.5,29.299999237060547,34.0,36.0,34.0,26.0,38.0,25.0,35.0,25.0,32.5,26.0
0.0,14.0,16.899999618530273,9.0,55.0,12.699999809265137,10.0,10.0,14.0,16.0,15.199999809265137,15.0,16.0,13.100000381469727,15.600000381469727,15.400000095367432
0.0,39.099998474121094,30.0,58.29999923706055,702.0,63.0,39.0,18.600000381469727,28.899999618530273,30.949999809265137,57.5,39.0,31.800000190734863,43.5,33.80000019073486,41.14999961853027
1.0,9.899999618530273,8.399999618530273,14.800000190734863,13.300000190734863,12.899999618530273,12.100000381469727,12.899999618530273,12.600000381469727,13.500000476837158,12.349999904632568,12.90000057220459,16.299999713897705,14.550000190734863,9.950000047683716,11.949999809265137
1.0,26.0,12.300000190734863,16.200000762939453,19.799999237060547,20.399999618530273,17.200000762939453,13.399999618530273,19.0,14.100000381469727,14.800000190734863,18.200000762939453,13.5,18.799999237060547,15.65000057220459,20.09999942779541
1.0,9.899999618530273,7.0,8.5,9.049999952316284,6.75,6.200000047683716,7.650000095367432,8.5,5.0,8.500000238418579,8.150000095367432,5.5,8.200000047683716,7.25,6.300000190734863
0.0,11.100000381469727,9.5,12.100000381469727,14.699999809265137,15.399999618530273,14.800000190734863,10.5,11.100000381469727,9.199999809265137,11.899999618530273,9.5,10.100000381469727,15.899999618530273,11.050000190734863,11.449999809265137
0.0,7.599999904632568,13.199999809265137,8.199999809265137,11.0,10.0,8.0,11.0,16.0,13.0,9.0,9.699999809265137,13.600000381469727,8.0,13.0,11.300000190734863
0.0,22.299999237060547,16.399999618530273,22.700000762939453,16.700000762939453,20.899999618530273,10.899999618530273,17.25,19.800000190734863,14.5,12.599999904632568,16.999999523162842,18.5,14.800000190734863,17.949999809265137,18.65000009536743
1.0,8.0,3.9000000953674316,12.100000381469727,14.100000381469727,10.0,4.0,9.0,10.899999618530273,12.899999618530273,9.0,10.5,12.0,15.0,11.0,5.900000095367432
1.0,5.800000190734863,11.399999618530273,11.0,5.900000095367432,12.0,10.0,9.100000381469727,13.0,15.0,6.099999904632568,14.0,11.300000190734863,10.0,11.100000381469727,8.5
1.0,10.5,6.599999904632568,6.0,8.600000381469727,10.699999809265137,7.699999809265137,6.300000190734863,13.800000190734863,11.699999809265137,6.900000095367432,14.0,10.800000190734863,7.599999904632568,10.300000190734863,10.800000190734863
0.0,12.550000190734863,10.329999923706055,8.899999618530273,8.75,6.320000171661377,5.400000095367432,11.420000076293945,11.014999866485596,8.81000018119812,7.170000076293945,6.800000190734863,10.864999771118164,12.0,11.244999885559082,7.615000009536743
1.0,21.75,21.600000381469727,14.149999618530273,35.5,22.600000381469727,21.850000381469727,38.85000038146973,18.300000190734863,20.699999809265137,30.09999990463257,34.39999961853027,55.17500019073486,16.34999990463257,17.40000009536743,34.69999980926514
0.0,26.0,19.0,18.5,16.0,14.699999809265137,15.100000381469727,31.0,21.65000009536743,19.850000381469727,17.800000190734863,23.5,20.100000381469727,23.40000009536743,29.5,29.0
0.0,7.949999809265137,12.920000076293945,9.5,8.444999933242798,12.950000286102295,11.275000095367432,15.464999675750732,11.055000305175781,12.074999809265137,10.779999732971191,9.974999904632568,14.619999885559082,13.62999963760376,12.549999713897705,15.529999732971191
0.0,5.0,9.0,7.0,8.0,6.0,6.0,4.0,8.0,5.0,6.0,8.0,6.5,8.5,7.5,8.0
0.0,34.0,35.60000038146973,38.79999923706055,51.5,38.0,51.10000038146973,51.5,37.79999923706055,52.349998474121094,43.0,61.150001525878906,34.85000038146973,39.5,51.0,39.0,57.5,44.70000076293945,57.45000076293945,48.0,43.95000076293945,48.5,47.0,49.10000038146973,43.64999961853027,47.0,51.5,39.70000076293945,32.0
0.0,6.0,10.199999809265137,10.0,5.099999904632568,3.5999999046325684,9.600000381469727,8.200000047683716,7.099999904632568,4.5,8.699999809265137,5.5,10.0,6.5,6.199999809265137,7.0
1.0,40.0,39.0,37.0,35.0,145.0,48.0,68.5,42.0,42.0,46.5,44.0,38.5,40.5,58.5,169.5
1.0,106.0,77.0,53.0,91.0,71.0,73.0,92.0,90.0,30.0,48.0,79.0,64.0,105.0,55.0,61.0
0.0,8.100000381469727,7.0,5.199999809265137,9.199999809265137,8.300000190734863,9.199999809265137,8.300000190734863,6.099999904632568,10.5,12.300000190734863,7.199999809265137,8.300000190734863,9.0,6.25,6.299999952316284
0.0,18.399999618530273,23.799999237060547,20.0,19.149999618530273,17.899999618530273,17.250000476837158,19.699999809265137,13.800000190734863,16.600000381469727,18.649999618530273,25.399999618530273,17.299999713897705,19.699999809265137,28.699999809265137,16.699999809265137
0.0,15.199999809265137,10.350000381469727,12.899999618530273,10.949999809265137,13.199999809265137,13.649999618530273,11.5,13.100000381469727,5.900000095367432,7.300000190734863,9.119999885559082,6.800000190734863,5.099999904632568,16.700000762939453,10.799999713897705
0.0,11.0,4.0,5.0,6.0,7.0,6.0,14.399999618530273,7.0,7.0,6.699999809265137,10.0,6.700000047683716,7.0,8.0,6.5
1.0,28.700000762939453,22.100000381469727,25.799999237060547,23.700000762939453,14.300000190734863,15.5,9.800000190734863,23.0,8.699999809265137,19.0,9.5,17.700000762939453,15.800000190734863,19.850000381469727,15.949999809265137
0.0,11.300000190734863,11.5,13.0,13.800000190734863,7.699999809265137,18.0,8.0,10.0,14.0,12.0,13.5,7.3999998569488525,13.349999904632568,12.5,10.150000095367432
0.0,7.0,8.699999809265137,4.699999809265137,7.199999809265137,7.0,5.5,4.599999904632568,7.0,7.5,7.0,5.299999952316284,8.699999809265137,8.0,7.700000047683716,7.5
0.0,6.0,9.0,12.0,8.0,7.0,10.0,6.5,9.0,5.0,9.0,7.0,8.5,10.5,12.0,11.099999904632568
0.0,11.900000095367432,10.400000095367432,5.950000047683716,9.5,11.0,11.0,9.449999809265137,8.150000095367432,9.900000095367432,8.0,9.050000190734863,9.849999904632568,9.75,8.949999809265137,10.299999713897705
0.0,18.0,27.0,21.0,18.0,10.5,29.0,13.0,17.100000381469727,10.0,20.200000762939453,16.600000381469727,24.0,18.449999809265137,18.050000190734863,21.199999809265137
1.0,6.300000190734863,7.570000171661377,7.300000190734863,7.400000095367432,24.899999380111694,6.815000057220459,7.769999980926514,4.815000057220459,8.214999914169312,9.394999980926514,7.325000047683716,9.705000162124634,7.650000095367432,13.03499984741211,7.569999933242798
1.0,15.300000190734863,15.399999618530273,20.299999237060547,15.699999809265137,18.600000381469727,22.299999237060547,17.799999237060547,9.899999618530273,16.5,10.699999809265137,20.200000762939453,15.800000190734863,27.399999618530273,15.699999809265137,13.899999618530273
1.0,16.389999389648438,31.399999618530273,17.450000762939453,11.800000190734863,12.300000190734863,221.60000610351562,28.010000228881836,217.39999389648438,176.0450029373169,197.71000003814697,358.0500030517578,265.5049934387207,20.52999973297119,29.814999103546143,337.5500030517578
0.0,11.0,6.599999904632568,6.699999809265137,12.0,6.300000190734863,6.199999809265137,10.0,10.0,9.0,7.0,6.199999809265137,9.0,10.0,8.899999618530273,9.299999713897705
0.0,145.0,8.5,9.25,11.050000190734863,7.0,39.5,12.050000190734863,35.0,7.900000095367432,73.65000009536743,49.5,48.79999923706055,146.1999969482422,97.0,27.90000009536743,110.5,145.5,17.5,13.0,16.0
1.0,12.0,18.0,24.0,16.0,21.0,17.0,24.0,20.0,16.0,25.700000762939453,12.0,14.650000095367432,14.0,15.5,16.65000009536743
1.0,11.0,11.0,13.0,7.0,8.0,13.0,14.0,14.0,11.5,10.0,15.5,11.5,11.0,10.5,14.0
0.0,10.0,9.0,7.099999904632568,7.900000095367432,5.300000190734863,8.699999809265137,8.0,13.0,8.349999904632568,8.150000095367432,8.650000095367432,10.25,7.949999809265137,11.5,9.349999904632568
1.0,51.0,21.899999618530273,49.0,27.0,68.0,48.0,57.0,39.40000009536743,19.149999618530273,21.300000190734863,18.750000476837158,26.800000190734863,17.550000190734863,26.949999809265137,37.0
1.0,11.300000190734863,9.100000381469727,13.0,20.700000762939453,11.399999618530273,17.200000762939453,24.5,15.5,14.399999618530273,24.5,21.200000762939453,39.0,18.5,29.699999809265137,14.0
1.0,18.5,23.0,22.0,17.700000762939453,16.0,7.0,17.399999618530273,31.0,13.0,10.0,21.899999618530273,13.5,17.0,14.900000095367432,19.5
1.0,30.0,26.0,21.0,30.0,23.0,25.0,32.0,37.0,17.0,18.0,25.0,16.0,21.0,27.0,21.0
1.0,32.0,30.0,39.5,42.5,25.0,29.0,45.25,41.35000038146973,165.60000038146973,224.10000038146973,35.0,45.07499980926514,37.42500019073486,39.5,60.42500019073486
1.0,23.799999237060547,19.5,16.600000381469727,18.399999618530273,16.100000381469727,23.299999237060547,17.0,15.0,15.899999618530273,19.199999809265137,26.0,14.899999618530273,16.0,21.0,17.050000190734863
1.0,9.5,16.799999237060547,18.299999237060547,19.0,14.199999809265137,17.100000381469727,37.70000076293945,8.5,14.899999618530273,24.299999237060547,16.299999237060547,17.299999237060547,16.700000762939453,13.0,15.600000381469727
1.0,23.200000762939453,20.889999389648438,14.079999923706055,13.899999618530273,20.940000534057617,16.799999237060547,18.600000381469727,21.049999237060547,17.59000015258789,24.81999969482422,15.460000038146973,15.5,22.369999885559082,20.324999809265137,35.09999942779541
1.0,8.5,6.0,15.300000190734863,7.800000190734863,10.5,9.0,9.399999618530273,11.300000190734863,10.0,9.75,16.75,11.0,6.849999904632568,9.0,13.0
0.0,23.399999618530273,21.200000762939453,94.0999984741211,25.5,45.0,20.799999237060547,176.1999969482422,24.799999237060547,54.599998474121094,72.64999866485596,20.65000057220459,32.59999942779541,23.899999618530273,27.149999618530273,36.89999961853027
0.0,9.0,9.0,9.399999618530273,9.199999809265137,9.050000190734863,10.699999809265137,15.350000381469727,14.850000381469727,12.200000286102295,11.824999809265137,12.149999618530273,8.899999856948853,11.0,9.599999904632568,11.099999904632568
0.0,13.300000190734863,9.0,11.0,9.800000190734863,12.0,9.0,10.0,13.199999809265137,6.0,11.0,14.0,9.0,10.5,10.0,9.549999713897705
1.0,12.0,12.0,12.0,15.0,16.0,13.0,13.0,10.449999809265137,16.5,14.25,12.550000190734863,9.300000190734863,13.5,10.400000095367432,13.25
1.0,46.70000076293945,67.19999694824219,64.4000015258789,56.099998474121094,328.0,46.5,38.20000076293945,77.0999984741211,88.5,318.0,146.0,56.20000076293945,82.5,95.69999694824219,89.9000015258789
0.0,14.0,11.0,5.0,9.599999904632568,9.0,8.900000095367432,4.7499998807907104,6.950000047683716,9.0,7.5,7.3500001430511475,8.0,10.300000190734863,8.450000047683716,8.0
0.0,8.100000381469727,10.100000381469727,12.0,16.0,13.5,14.5,21.0,12.0,7.0,10.0,14.0,10.0,14.899999618530273,7.400000095367432,11.0
0.0,5.900000095367432,4.900000095367432,3.0,5.800000190734863,1.0,4.0,3.0,4.0,10.300000190734863,4.099999904632568,7.0,4.400000095367432,5.900000095367432,8.0,5.900000095367432
0.0,16.700000762939453,20.299999237060547,15.0,18.600000381469727,17.200000762939453,19.0,17.5,28.700000762939453,15.199999809265137,17.299999237060547,22.0,14.199999809265137,19.799999237060547,13.100000381469727,19.300000190734863
0.0,12.0,28.0,18.0,22.0,17.100000381469727,26.0,14.300000190734863,25.0,17.0,24.0,20.399999618530273,20.100000381469727,24.0,19.600000381469727,14.0
0.0,13.199999809265137,15.0,8.0,13.100000381469727,6.800000190734863,11.800000190734863,17.0,7.0,15.5,11.0,12.5,5.800000190734863,8.600000381469727,3.799999952316284,12.449999809265137
1.0,11.899999618530273,10.0,8.300000190734863,5.300000190734863,9.920000076293945,14.899999618530273,15.699999809265137,15.199999809265137,5.199999809265137,7.599999904632568,6.599999904632568,7.699999809265137,10.399999618530273,8.800000190734863,7.099999904632568
0.0,25.5,39.52000045776367,27.700000762939453,30.899999618530273,22.0,25.899999618530273,26.100000381469727,44.869998931884766,38.5,34.494998931884766,32.29999923706055,38.05500030517578,36.93499946594238,31.15000057220459,39.83500099182129
1.0,64.4000015258789,79.54999923706055,59.5,56.29999923706055,61.5,50.5,69.95000076293945,62.64999961853027,28.550000190734863,46.04999923706055,57.900001525878906,53.0,46.35000038146973,75.69999885559082,55.125
1.0,46.79999923706055,24.700000762939453,20.899999618530273,69.5,7.199999809265137,47.70000076293945,40.0,73.80000305175781,10.5,27.899999618530273,8.100000381469727,6.5,29.0,65.5999984741211,82.25000286102295
0.0,8.899999618530273,16.700000762939453,18.399999618530273,245.0,9.899999618530273,14.300000190734863,20.0,15.899999618530273,12.199999809265137,18.700000762939453,8.899999618530273,9.699999809265137,78.0,10.600000381469727,14.399999618530273
0.0,5.0,12.0,9.0,12.0,9.0,9.0,6.0,10.0,5.0,11.0,8.0,4.0,8.0,9.0,8.5
1.0,8.0,11.0,12.5,11.0,13.0,10.5,10.5,22.5,11.0,5.5,11.0,9.5,14.5,12.0,10.25
0.0,85.80000305175781,19.200000762939453,53.900001525878906,21.899999618530273,76.9000015258789,38.20000076293945,46.099998474121094,16.100000381469727,60.0,19.799999237060547,20.200000762939453,24.100000381469727,28.200000762939453,20.100000381469727,19.399999618530273
0.0,9.0,11.0,10.0,9.0,7.8999998569488525,7.650000095367432,10.0,10.5,10.5,9.5,8.799999713897705,9.0,7.5,11.5,7.849999904632568
0.0,35.29999923706055,39.400001525878906,36.20000076293945,35.70000076293945,30.899999618530273,34.5,25.399999618530273,28.100000381469727,28.600000381469727,37.099998474121094,28.200000762939453,26.200000762939453,27.200000762939453,29.299999237060547,38.29999923706055
