0.0,2.7300000190734863,2.75,2.309999942779541,2.4000000953674316,2.309999942779541,2.549999952316284,2.940000057220459,2.549999952316284,2.4800000190734863,2.5399999618530273,2.6299999952316284,2.475000023841858,2.640000104904175,2.8550000190734863,2.7350000143051147
1.0,2.4600000381469727,2.299999952316284,2.299999952316284,2.200000047683716,1.899999976158142,1.899999976158142,2.259999990463257,1.9500000476837158,2.309999942779541,2.0199999809265137,2.215000033378601,2.3550000190734863,2.2899999618530273,1.9749999642372131,2.2350000143051147
1.0,3.4000000953674316,4.230000019073486,3.299999952316284,3.200000047683716,3.200000047683716,4.170000076293945,3.1700000762939453,3.4000000953674316,6.630000114440918,5.710000038146973,3.5950000286102295,3.350000023841858,3.71999990940094,3.399999976158142,3.5999999046325684
0.0,1.8799999952316284,1.5499999523162842,1.8700000047683716,1.600000023841858,2.299999952316284,1.8899999856948853,2.0299999713897705,1.8300000429153442,1.690000057220459,2.390000104904175,1.9700000286102295,2.0799999237060547,2.125,1.975000023841858,2.115000009536743
1.0,1.399999976158142,1.440000057220459,1.409999966621399,1.399999976158142,2.2300000190734863,1.4900000095367432,1.309999942779541,1.3349999785423279,2.3450000286102295,2.23499995470047,1.840000033378601,1.1949999928474426,1.425000011920929,1.2899999916553497,1.5400000214576721
0.0,1.25,1.2400000095367432,1.340000033378601,0.9800000190734863,1.1699999570846558,1.0099999904632568,1.2599999904632568,1.649999976158142,1.7899999618530273,1.190000057220459,1.4500000476837158,2.809999942779541,1.1799999475479126,1.7899999618530273,1.215000033378601
1.0,5051.52001953125,684.7000122070312,3.0199999809265137,4155.02978515625,2.450000047683716,6736.405090332031,1103.8749752044678,2348.8399658203125,2247.7849502563477,1606.930009841919,447.4199877977371,264.8449853658676,3.180000066757202,5743.679943084717,4227.815032958984
0.0,14.470000267028809,11.329999923706055,12.239999771118164,11.100000381469727,10.989999771118164,12.529999732971191,14.770000457763672,15.039999961853027,28.520000457763672,9.949999809265137,11.619999885559082,13.210000038146973,14.579999923706055,15.460000038146973,11.1899995803833
1.0,20.170000076293945,9.56000018119812,15.719999551773071,11.580000162124634,10.759999752044678,4.9750001430511475,15.6850004196167,12.634999752044678,33.390000343322754,31.149999380111694,13.475000381469727,17.019999980926514,14.300000429153442,6.120000123977661,70.20000076293945,26.37000060081482,26.97000026702881
1.0,3.9000000953674316,4.090000152587891,4.289999961853027,3.6500000953674316,3.950000047683716,2.740000009536743,4.079999923706055,3.369999885559082,3.5299999713897705,3.259999990463257,4.119999885559082,3.700000047683716,2.799999952316284,4.119999885559082,4.650000095367432
1.0,10.829999923706055,12.149999618530273,12.890000343322754,88.43000030517578,10.329999923706055,12.229999542236328,22.149999618530273,20.739999771118164,15.119999885559082,228.10000610351562,9.34000015258789,352.8900146484375,14.505000114440918,33.01499938964844,189.41999435424805
0.0,1.4700000286102295,1.5499999523162842,2.1500000953674316,1.850000023841858,1.690000057220459,1.899999976158142,1.8600000143051147,1.6399999856948853,1.4900000095367432,1.875,1.6150000095367432,1.6050000190734863,1.6800000071525574,1.5699999928474426,1.73499995470047
0.0,0.9200000166893005,0.6399999856948853,1.149999976158142,0.7900000214576721,50.0099983215332,0.8799999952316284,0.9300000071525574,3.3299999237060547,15.819999694824219,0.9399999976158142,1.5499999523162842,0.8899999856948853,1.2400000095367432,0.9399999976158142,1.7449999749660492
0.0,1.7200000286102295,2.0799999237060547,1.7799999713897705,1.559999942779541,1.6399999856948853,1.809999942779541,2.140000104904175,1.6200000047683716,1.9199999570846558,1.6200000047683716,1.6200000047683716,1.7599999904632568,1.9800000190734863,1.899999976158142,1.5950000286102295
0.0,2.0199999809265137,2.690000057220459,2.2200000286102295,2.934999942779541,2.799999952316284,3.2949999570846558,2.7699999809265137,2.6899999380111694,2.6399999856948853,2.5250000953674316,3.570000171661377,2.0149999856948853,2.840000033378601,2.9499999284744263,2.8799999952316284
0.0,3.4700000286102295,3.309999942779541,2.75,3.069999933242798,2.799999952316284,3.25,8.609999656677246,21.59000015258789,3.3399999141693115,2.609999895095825,2.7699999809265137,55.36000061035156,2.509999990463257,2.7799999713897705,4.099999904632568
0.0,1.1799999475479126,1.7899999618530273,1.4900000095367432,1.4299999475479126,2.4800000190734863,1.6399999856948853,1.7799999713897705,2.0799999237060547,1.3899999856948853,1.9900000095367432,2.4800000190734863,1.8700000047683716,1.3200000524520874,1.5049999952316284,1.7200000286102295
1.0,8.43500006198883,2.709999918937683,2.9149999618530273,3.0049999952316284,3.550000011920929,3.0149999856948853,2.4950000047683716,3.9750001430511475,4.884999871253967,2.674999952316284,2.8549998998641968,2.3899999856948853,2.1799999475479126,5.769999980926514,6.054999828338623
1.0,9.010000228881836,8.680000305175781,14.210000038146973,128.10000610351562,2569.419921875,168.60000610351562,804.9600219726562,9.75,9.59000015258789,2863.639892578125,11.489999771118164,57.689998626708984,3132.22998046875,245.4499969482422,389.260009765625
0.0,2.0,1.8799999952316284,2.319999933242798,1.7100000381469727,1.8200000524520874,1.7200000286102295,2.4000000953674316,2.359999895095825,2.359999895095825,1.7100000381469727,1.7449999451637268,1.9550000429153442,1.875,1.809999942779541,1.8549999594688416
0.0,0.8999999761581421,6.880000114440918,0.9800000190734863,7.570000171661377,6.28000020980835,13.5,6.980000019073486,6.420000076293945,8.930000305175781,34.70000076293945,39.7400016784668,9.359999656677246,9.510000228881836,9.649999618530273,8.170000076293945
0.0,1.7999999523162842,1.8799999952316284,2.3299999237060547,1.9800000190734863,2.25,1.409999966621399,1.659999966621399,3.0199999809265137,1.690000057220459,2.060000002384186,2.3450000286102295,2.1399999260902405,2.1649999618530273,2.099999964237213,2.3399999737739563
0.0,2.0299999713897705,2.3949999809265137,2.509999990463257,2.950000047683716,2.875,3.1050000190734863,3.090000033378601,3.0299999713897705,2.8450000286102295,2.8100000619888306,2.8450000286102295,2.640000104904175,2.534999966621399,2.930000066757202,2.8149999380111694,2.759999990463257,2.3550000190734863,2.6799999475479126,2.8149999380111694,2.615000009536743
1.0,9.0600004196167,2.5,43.619998931884766,2357.85009765625,2264.4599609375,3.190000057220459,42.91999816894531,45.29999923706055,78.93000030517578,2071.89990234375,1077.260009765625,2750.5,358.2900085449219,2332.739990234375,2392.320068359375
0.0,3.380000114440918,3.569999933242798,3.7899999618530273,3.5399999618530273,3.7100000381469727,4.170000076293945,3.380000114440918,3.700000047683716,3.880000114440918,3.369999885559082,4.369999885559082,3.4600000381469727,3.9800000190734863,3.4200000762939453,3.350000023841858
0.0,3.059999942779541,1.9800000190734863,1.3600000143051147,1.9199999570846558,1.8700000047683716,2.4000000953674316,2.309999942779541,2.440000057220459,3.390000104904175,1.1200000047683716,1.7200000286102295,1.340000033378601,1.7099999785423279,1.5049999952316284,1.2600000202655792
1.0,6.610000133514404,4.960000038146973,160.66000366210938,1.2599999904632568,2.069999933242798,3.309999942779541,1.6699999570846558,173.22000122070312,4.130000114440918,31.690000534057617,11.59000015258789,6.334999918937683,108.21000337600708,2.0,77.91000056266785
0.0,2.2100000381469727,2.130000114440918,2.0,2.259999990463257,2.0199999809265137,2.130000114440918,595.6099853515625,2.5,2.940000057220459,2.4000000953674316,2.069999933242798,2.0399999618530273,2.4000000953674316,2.2100000381469727,1.9299999475479126
1.0,2.299999952316284,2.5999999046325684,2.0999999046325684,2.200000047683716,2.299999952316284,2.299999952316284,2.299999952316284,3.200000047683716,2.5,2.6799999475479126,2.7649999856948853,2.6200000047683716,2.25,2.5,2.350000023841858
0.0,1.7100000381469727,1.659999966621399,2.2300000190734863,1.9600000381469727,1.4600000381469727,2.0950000286102295,2.2399999499320984,1.9950000643730164,1.9899999499320984,1.8749999403953552,1.7200000286102295,5.909999787807465,2.1399999856948853,1.9700000286102295,127.34000241756439
1.0,13.420000076293945,4.699999809265137,9.819999694824219,6.119999885559082,8.420000076293945,8.359999656677246,3.700000047683716,4.010000228881836,4.190000057220459,3.2549999952316284,4.064999938011169,9.59500002861023,3.9600000381469727,4.440000057220459,6.585000276565552
0.0,2.3399999141693115,3.6500000953674316,2.9850000143051147,3.9199999570846558,2.689999997615814,4.205000042915344,3.0149999856948853,2.6750000715255737,4.1600000858306885,2.5249999165534973,2.9950000047683716,2.4850000143051147,2.3550000190734863,3.165000081062317,3.1200000047683716,2.1399999856948853,3.9199999570846558
1.0,4.28000020980835,5.789999961853027,19.719999313354492,4.960000038146973,52.41999816894531,53.720001220703125,4.960000038146973,7.320000171661377,16.75,8.265000104904175,12.12499988079071,36.53999948501587,53.375000953674316,77.58000087738037,17.52500009536743
1.0,4.400000095367432,1.899999976158142,4.650000095367432,1.899999976158142,2.5399999618530273,5.650000095367432,17.239999771118164,33.18499970436096,2.7300000190734863,3.5350000858306885,2.8399999141693115,4.425000071525574,59.09499931335449,2.3450000286102295,2.240000009536743
0.0,1.600000023841858,1.5399999618530273,1.690000057220459,1.8200000524520874,2.1700000762939453,1.649999976158142,1.9299999475479126,2.1700000762939453,2.25,2.2699999809265137,2.140000104904175,2.359999895095825,1.8300000429153442,2.1700000762939453,2.069999933242798
0.0,1.7899999618530273,5.78000020980835,1.8300000429153442,2.549999952316284,2.950000047683716,2.130000114440918,2.199999988079071,2.1200000047683716,2.240000009536743,2.95499986410141,2.334999918937683,1.5899999737739563,2.0049999952316284,2.0299999713897705,2.259999990463257
1.0,3.319999933242798,3.549999952316284,34.7400016784668,3.7200000286102295,77.69000244140625,3.799999952316284,10.739999771118164,46.279998779296875,8.90500009059906,18.019999742507935,6.945000052452087,16.195000410079956,65.69999885559082,3.4199999570846558,3.465000033378601
0.0,1.4900000095367432,2.390000104904175,4.099999904632568,1.5199999809265137,1.2799999713897705,1.7899999618530273,2.1600000858306885,1.4199999570846558,1.3700000047683716,1.3700000047683716,1.2999999523162842,2.4200000762939453,1.4199999570846558,1.5,1.7699999809265137
0.0,1.5099999904632568,1.6399999856948853,2.0799999237060547,3.359999895095825,1.8300000429153442,2.1600000858306885,2.2100000381469727,4.619999885559082,2.049999952316284,1.7400000095367432,1.8799999952316284,2.8299999237060547,1.600000023841858,2.5799999237060547,2.5500000715255737
1.0,1.2400000095367432,1.2999999523162842,1.9600000381469727,6.03000020980835,1.2400000095367432,1.600000023841858,4.789999961853027,1.6200000047683716,35.040000915527344,28.93000030517578,1.9299999475479126,5.53000020980835,33.38999938964844,4.380000114440918,2.8100000619888306
0.0,3.2200000286102295,2.369999885559082,2.309999942779541,2.549999952316284,2.680000066757202,3.180000066757202,2.549999952316284,2.8499999046325684,2.259999990463257,2.1700000762939453,2.549999952316284,2.930000066757202,2.2799999713897705,3.0199999809265137,3.2200000286102295
0.0,135.35000610351562,2.069999933242798,245.39999389648438,118.87000274658203,5.480000019073486,109.3499984741211,86.94999694824219,80.6500015258789,2.799999952316284,8.899999618530273,1.9700000286102295,74.49499875307083,12.734999597072601,52.3499995470047,2.01500004529953
0.0,3.1700000762939453,2.0799999237060547,2.990000009536743,2.3399999141693115,3.1700000762939453,2.25,2.619999885559082,2.2799999713897705,2.0199999809265137,2.190000057220459,2.5399999618530273,2.1299999952316284,2.5500000715255737,2.3850001096725464,2.215000033378601
0.0,1.9500000476837158,1.7599999904632568,1.8200000524520874,1.75,1.809999942779541,1.8899999856948853,1.8799999952316284,3.180000066757202,1.8700000047683716,2.8399999141693115,1.7300000190734863,3.130000114440918,1.824999988079071,1.875,1.7350000143051147
0.0,3.0999999046325684,2.439999997615814,4.7900002002716064,3.125,3.9200000762939453,3.5800000429153442,3.0149999856948853,2.165000021457672,2.3100000619888306,3.100000023841858,3.690000057220459,2.3300000429153442,2.965000092983246,3.5200001001358032,4.065000057220459,4.404999852180481,3.0399999618530273,2.399999976158142,3.625,3.195000171661377,1.850000023841858
1.0,3.059999942779541,2.809999942779541,3.5999999046325684,3.5999999046325684,3.549999952316284,3.640000104904175,3.309999942779541,10.739999771118164,3.309999942779541,3.2200000286102295,3.3499999046325684,2.7300000190734863,3.5999999046325684,2.7300000190734863,4.079999923706055
1.0,3.069999933242798,2.609999895095825,3.430000066757202,3.4100000858306885,2.869999885559082,2.680000066757202,2.2799999713897705,3.5199999809265137,2.4600000381469727,2.130000114440918,3.9800000190734863,3.2100000381469727,2.5999999046325684,2.2100000381469727,2.569999933242798
1.0,1.8799999952316284,1.9299999475479126,2.0,1.7699999809265137,2.3299999237060547,1.8600000143051147,2.0,1.925000011920929,1.7750000357627869,2.0049999952316284,2.7949999570846558,1.8550000190734863,2.4699999690055847,2.490000009536743,1.7799999713897705
0.0,4.71999979019165,4.119999885559082,4.170000076293945,4.0,3.5999999046325684,3.740000009536743,3.809999942779541,3.5199999809265137,3.299999952316284,3.4200000762939453,3.5700000524520874,4.015000104904175,3.8799999952316284,4.300000190734863,3.7700001001358032
1.0,6.610000133514404,43.79999923706055,61.83000183105469,26.43000030517578,92.4000015258789,35.43000030517578,15.739999771118164,29.719999313354492,32.56999969482422,36.579999923706055,7.5299999713897705,37.86000037193298,39.57000112533569,26.230000019073486,9.690000057220459
1.0,3.9600000381469727,2.0299999713897705,88.51000213623047,131.72999572753906,100.02999877929688,2.75,33.09000015258789,11.859999656677246,1.9900000095367432,2.25,4.239999771118164,2.2799999713897705,2.640000104904175,88.27499771118164,109.33500152826309
0.0,2.630000114440918,2.2699999809265137,2.7899999618530273,2.6750000715255737,2.465000033378601,2.134999990463257,2.444999933242798,2.3200000524520874,2.0899999737739563,2.2100000381469727,2.2350000143051147,2.2899999618530273,2.8100000619888306,2.615000009536743,2.649999976158142
0.0,3.950000047683716,4.599999904632568,4.809999942779541,3.430000066757202,3.6200000047683716,3.1350001096725464,3.3450000286102295,3.2450000047683716,3.3200000524520874,3.7350001335144043,3.575000047683716,7.370000123977661,3.959999918937683,3.5350000858306885,4.090000152587891
0.0,1.690000057220459,1.7400000095367432,5.710000038146973,2.740000009536743,1.690000057220459,2.059999942779541,1.7899999618530273,2.4000000953674316,4.619999885559082,6.340000152587891,2.425000011920929,3.555000066757202,2.439999997615814,2.165000021457672,4.275000095367432
0.0,2.430000066757202,2.140000104904175,2.059999942779541,2.0199999809265137,2.1600000858306885,2.049999952316284,2.0999999046325684,2.2100000381469727,1.8149999976158142,1.9800000190734863,2.284999966621399,1.8600000143051147,1.9850000143051147,2.009999930858612,2.2100000381469727
1.0,5.71999979019165,2.380000114440918,4.579999923706055,5.789999961853027,5.340000152587891,2.319999933242798,3.759999990463257,6.0950000286102295,5.809999942779541,3.4249998927116394,3.9550000429153442,2.7199999690055847,5.965000152587891,4.980000019073486,4.034999966621399
0.0,1.809999942779541,1.3300000429153442,3.559999942779541,1.2100000381469727,2.559999942779541,1.9800000190734863,1.7100000381469727,2.930000066757202,3.240000009536743,2.119999885559082,3.3399999141693115,1.75,1.7000000476837158,1.9800000190734863,2.880000114440918
1.0,5.199999809265137,2.309999942779541,2.6700000762939453,1.9800000190734863,5.610000133514404,2.1500000953674316,2.2300000190734863,1.899999976158142,2.809999942779541,1.899999976158142,4.25,3.700000047683716,4.440000057220459,2.069999933242798,2.2300000190734863
0.0,2.0,1.2400000095367432,1.7000000476837158,1.7000000476837158,2.5,2.0999999046325684,1.7999999523162842,2.0,1.600000023841858,1.600000023841858,1.2999999523162842,1.5199999809265137,1.409999966621399,1.8200000524520874,1.524999976158142
0.0,4.349999904632568,3.9700000286102295,4.130000114440918,3.7200000286102295,4.829999923706055,4.550000190734863,5.300000190734863,3.880000114440918,3.9700000286102295,5.539999961853027,4.550000190734863,4.460000038146973,4.375,4.670000076293945,4.794999837875366
0.0,1.5700000524520874,2.440000057220459,2.1600000858306885,1.9800000190734863,2.9800000190734863,3.8299999237060547,2.009999990463257,2.0199999809265137,2.2200000286102295,2.059999942779541,3.6299999952316284,2.1500000953674316,2.4749999046325684,1.949999988079071,2.0300000309944153
1.0,26.18000030517578,43.79999923706055,2.5399999618530273,17.31999969482422,2.25,5.159999847412109,2.6600000858306885,2.4800000190734863,2.309999942779541,2.549999952316284,6.860000133514404,2.4149999618530273,21.325000524520874,15.3149995803833,2.884999990463257
1.0,1.4500000476837158,1.899999976158142,1.690000057220459,1.690000057220459,2.180000066757202,1.4199999570846558,2.259999990463257,1.5399999618530273,1.690000057220459,2.119999885559082,4.165000081062317,1.6949999928474426,2.189999997615814,1.7649999856948853,1.9000000357627869
0.0,2.1700000762939453,1.4500000476837158,2.130000114440918,2.690000057220459,2.2300000190734863,1.7300000190734863,2.5799999237060547,2.200000047683716,2.0299999713897705,1.7100000381469727,2.859999895095825,1.690000057220459,2.6700000762939453,2.2899999618530273,2.549999952316284
0.0,8.010000228881836,4.050000190734863,2.200000047683716,2.4000000953674316,2.200000047683716,2.140000104904175,1.899999976158142,2.0,8.8100004196167,5.0,2.4000000953674316,2.299999952316284,6.71999979019165,10.9399995803833,2.25
1.0,10.149999618530273,10.020000457763672,7.5,11.899999618530273,11.140000343322754,8.140000343322754,6.269999980926514,6.170000076293945,18.31999969482422,5.690000057220459,13.069999694824219,17.419999599456787,6.674999952316284,6.4700000286102295,19.70500087738037
1.0,102.83000183105469,26.059999465942383,8.960000038146973,10.979999542236328,18.0,32.36000061035156,18.1200008392334,571.4000244140625,17.239999771118164,71.62999725341797,105.79000091552734,21.709999084472656,10.600000381469727,10.989999771118164,12.390000343322754
0.0,12.289999961853027,2.700000047683716,6.199999809265137,2.549999952316284,1.4600000381469727,2.0899999141693115,3.200000047683716,3.9000000953674316,3.0,10.0,7.099999904632568,6.31000018119812,5.9999998807907104,5.8399999141693115,6.699999928474426
1.0,2.3399999141693115,3.2200000286102295,2.8299999237060547,3.0999999046325684,3.809999942779541,3.759999990463257,2.8299999237060547,3.119999885559082,2.619999885559082,2.6100000143051147,3.0649999380111694,3.1100000143051147,2.774999976158142,3.1649999618530273,2.75
1.0,16.18000030517578,68.27999877929688,7.010000228881836,105.68000030517578,110.26000213623047,6.71999979019165,82.91999816894531,3.619999885559082,69.66999816894531,33.290000915527344,41.68000030517578,118.79000091552734,24.989999771118164,6.789999961853027,89.29499816894531
1.0,4.130000114440918,4.210000038146973,4.519999980926514,3.7200000286102295,4.960000038146973,4.050000190734863,4.960000038146973,4.210000038146973,4.789999961853027,4.550000190734863,3.549999952316284,4.960000038146973,5.119999885559082,4.550000190734863,4.300000190734863
1.0,461.489990234375,5.320000171661377,41847.9296875,43.33000183105469,6.050000190734863,3.8299999237060547,4.449999809265137,1.600000023841858,1.9299999475479126,37623.140625,18710.740234375,6.980000019073486,1.559999942779541,825.8650023937225,1.5550000071525574
0.0,1.1399999856948853,1.3899999856948853,0.9599999785423279,0.949999988079071,0.9800000190734863,1.7699999809265137,0.9100000262260437,0.9300000071525574,10.449999809265137,0.9700000286102295,1.2999999523162842,1.340000033378601,1.6200000047683716,1.0700000524520874,1.0700000524520874
1.0,5.619999885559082,6.190000057220459,4.769999980926514,375.5299987792969,4.170000076293945,250.97999572753906,360.75,7.880000114440918,3.0799999237060547,2.569999933242798,15.25,4.194999933242798,27.790000796318054,210.9049940109253,112.79000115394592
1.0,24.790000915527344,379.9200134277344,490.0799865722656,40.5,12.399999618530273,1.9800000190734863,82.63999938964844,88.43000030517578,54.54999923706055,2.7300000190734863,4.460000038146973,28.93000030517578,3.309999942779541,1597.9749450683594,272.1899948120117
1.0,3.4000000953674316,12.539999842643738,4.600000023841858,10.840000033378601,137.0,32.55500078201294,59.150001525878906,40.25,87.85000038146973,1.550000011920929,2.090000033378601,35.73500061035156,1.5,2.4700000286102295,1.899999976158142,1.8799999952316284,13.145000219345093
1.0,14.489999771118164,2.069999933242798,2.119999885559082,4.300000190734863,3.109999895095825,12.869999885559082,16.209999084472656,2.5999999046325684,13.609999656677246,19.350000381469727,3.930000066757202,1.5499999523162842,39.66000139713287,19.480000495910645,18.15000021457672
0.0,0.6499999761581421,1.8899999856948853,2.1200000047683716,0.9350000023841858,2.0149999856948853,1.3199999928474426,1.375,1.909999966621399,1.280000001192093,1.2600000202655792,1.0799999833106995,1.0999999940395355,1.8699999451637268,1.4449999332427979,1.699999988079071,1.5350000262260437,1.5149999558925629,2.300000011920929
0.0,1.2799999713897705,1.309999942779541,1.3600000143051147,1.2100000381469727,1.3600000143051147,1.4500000476837158,1.2599999904632568,1.4700000286102295,1.2100000381469727,1.1799999475479126,1.6399999856948853,1.2200000286102295,1.4299999475479126,1.4900000095367432,1.35999995470047
0.0,2.130000114440918,1.5299999713897705,1.9900000095367432,1.1699999570846558,2.140000104904175,1.850000023841858,2.1700000762939453,2.0199999809265137,1.7599999904632568,2.2699999809265137,1.9800000190734863,2.0299999713897705,1.9500000476837158,1.8650000095367432,1.8700000047683716
1.0,542.4500122070312,2.2100000381469727,2937.6201171875,1478.9599609375,9002.98046875,4.289999961853027,2.890000104904175,6.190000057220459,283.0199890136719,4.75,4.570000171661377,4.989999771118164,2.069999933242798,7.550000190734863,197410.4387500286
0.0,3.509999990463257,3.690000057220459,3.9200000762939453,3.2300000190734863,4.179999828338623,3.8299999237060547,3.359999895095825,3.0899999141693115,3.1700000762939453,3.5399999618530273,3.4000000953674316,2.8499999046325684,2.6700000762939453,3.4100000858306885,3.2249999046325684
0.0,2.0199999809265137,1.3200000524520874,1.399999976158142,1.399999976158142,1.399999976158142,1.2400000095367432,1.2799999713897705,1.3700000047683716,1.4600000381469727,1.0700000524520874,1.3200000524520874,1.3600000143051147,1.2400000095367432,1.8200000524520874,1.399999976158142
1.0,7.519999980926514,5.449999809265137,5.289999961853027,40.83000183105469,5.449999809265137,4.789999961853027,545.4500122070312,689.260009765625,5.659999847412109,2.809999942779541,3.059999942779541,3.549999952316284,3.390000104904175,3.140000104904175,300.0
0.0,4.099999904632568,2.140000104904175,1.8899999856948853,2.369999885559082,1.9900000095367432,2.2300000190734863,1.6799999475479126,2.069999933242798,2.0199999809265137,1.5,2.319999933242798,1.5,1.5700000524520874,3.549999952316284,1.9300000071525574
0.0,2.4000000953674316,2.2799999713897705,1.690000057220459,1.7400000095367432,1.690000057220459,1.6100000143051147,2.4200000762939453,1.7000000476837158,1.7100000381469727,2.5700000524520874,2.540000081062317,2.2450000047683716,2.1050000190734863,1.7200000286102295,2.1449999809265137
1.0,11656.7998046875,14198.349609375,15702.2998046875,12747.0,15854.599609375,17363.30078125,11265.2900390625,19725.69921875,11558.599609375,21137.189453125,13309.0,14690.080078125,15605.400390625,14938.599609375,16131.40478515625
1.0,2.180000066757202,2.1500000953674316,1532.5400390625,2830.919921875,1.9299999475479126,1.7799999713897705,3568.610107421875,1128.9300537109375,2.119999885559082,1.9700000286102295,2.140000104904175,1.7950000166893005,1960.6399841308594,842.4900000095367,1412.1699829101562
1.0,2.309999942779541,2.6700000762939453,2.369999885559082,2.2300000190734863,4.46999979019165,3.740000009536743,5.004999876022339,2.524999976158142,2.1550000309944153,3.8550000190734863,3.8350000381469727,5.2200000286102295,2.259999990463257,3.355000138282776,3.0549999475479126
1.0,4.460000038146973,161.85000610351562,1.399999976158142,1.8600000143051147,163.67999267578125,33.470001220703125,162.63999938964844,2.4800000190734863,1.600000023841858,1.649999976158142,1.2100000381469727,265.45001220703125,75.2300033569336,2.4800000190734863,9.670000314712524
0.0,4.400000095367432,4.5,4.099999904632568,4.079999923706055,5.900000095367432,4.199999809265137,4.099999904632568,4.019999980926514,3.9000000953674316,4.0,3.9000000953674316,4.210000038146973,4.044999957084656,4.1650002002716064,4.450000047683716
1.0,5.119999885559082,4.960000038146973,7.269999980926514,22.639999389648438,3.309999942779541,3.9700000286102295,7.929999828338623,3.819999933242798,3.309999942779541,4.269999980926514,4.550000190734863,5.369999885559082,6.199999809265137,5.990000009536743,3.125
1.0,2.4000000953674316,1.2400000095367432,1.3200000524520874,1.2400000095367432,2.559999942779541,1.4900000095367432,2.690000057220459,4.360000133514404,2.559999942779541,1.649999976158142,1.5700000524520874,1.5700000524520874,8.880000114440918,1.399999976158142,1.3200000524520874
1.0,2.319999933242798,8.34000015258789,17.06999969482422,2.1700000762939453,12.640000343322754,2.1700000762939453,4.960000038146973,3.5999999046325684,8.529999732971191,3.9200000762939453,5.139999866485596,4.889999866485596,16.639999389648438,11.5600004196167,4.019999980926514
0.0,2.25,1.7000000476837158,2.0799999237060547,1.8799999952316284,2.4800000190734863,2.759999990463257,1.8899999856948853,1.5849999785423279,1.8149999380111694,2.199999988079071,1.6899999976158142,1.3399999737739563,1.625,1.5249999463558197,2.0049999952316284
1.0,12.170000076293945,544.02001953125,39.150001525878906,262.9200134277344,37.06999969482422,182.4600067138672,45.75,32.5,83.44999694824219,1621.6800537109375,131.6300048828125,58.58000183105469,5510.719970703125,457.1499967575073,811.1649761199951
0.0,1.9299999475479126,1.6100000143051147,1.7899999618530273,1.8300000429153442,3.069999933242798,2.509999990463257,2.259999990463257,1.7799999713897705,1.8300000429153442,2.040000021457672,2.2200000286102295,2.51500004529953,2.084999978542328,1.7400000095367432,2.4549999833106995
1.0,2.3299999237060547,2.299999952316284,2.2300000190734863,15.130000114440918,2.440000057220459,2.1600000858306885,1.8200000524520874,2.450000047683716,2.2300000190734863,2.5,2.2699999809265137,2.9600000381469727,2.450000047683716,1.399999976158142,2.1250000596046448
0.0,4.599999904632568,1.850000023841858,3.0999999046325684,3.690000057220459,2.0899999141693115,2.4700000286102295,1.9299999475479126,1.7400000095367432,2.700000047683716,3.375,2.2899999618530273,4.834999918937683,5.114999890327454,3.925000011920929,1.9749999642372131
0.0,2.640000104904175,4.130000114440918,2.7300000190734863,4.960000038146973,2.6399999856948853,4.050000071525574,2.7300000190734863,3.0449999570846558,7.104999899864197,5.495000123977661,11.569999933242798,3.465000033378601,2.9250000715255737,3.6100000143051147,2.9199999570846558
1.0,12.5600004196167,3.740000009536743,22.299999237060547,1.9500000476837158,1.2000000476837158,2.9000000953674316,301.70001220703125,3.0399999618530273,111.0999984741211,2.799999952316284,2.1500000953674316,41.79999923706055,1.8799999952316284,60.20000076293945,2.440000057220459
0.0,1.7400000095367432,1.899999976158142,2.369999885559082,2.450000047683716,1.8300000429153442,1.809999942779541,2.3299999237060547,1.909999966621399,2.119999885559082,2.2300000190734863,2.119999885559082,2.5399999618530273,1.7400000095367432,2.299999952316284,2.0799999237060547
1.0,3.390000104904175,2.119999885559082,2.1700000762939453,1.600000023841858,3.299999952316284,1.940000057220459,1.9249999523162842,2.259999990463257,5.159999787807465,1.6949999332427979,2.490000009536743,3.869999945163727,2.10999995470047,7.56499981880188,8.3299999833107
0.0,2.319999933242798,2.2100000381469727,2.130000114440918,2.119999885559082,2.240000009536743,2.2799999713897705,1.7699999809265137,2.119999885559082,2.690000057220459,1.6699999570846558,2.299999952316284,3.0049999952316284,2.0649999380111694,1.925000011920929,2.0199999809265137
1.0,58144.78125,36506.390625,46772.62109375,13063.3603515625,1866363.625,160370.921875,2343.169921875,133926.4375,88559.5390625,69315.2265625,3427.360107421875,37088.5,55977.58984375,81381.53515625,144494.1796875
1.0,1.8799999952316284,2.569999933242798,2.119999885559082,1.6399999856948853,2.069999933242798,21.950000762939453,58.27000045776367,2.8499999046325684,47.36000061035156,1.5299999713897705,5.920000076293945,2.059999942779541,2.380000114440918,1.6699999570846558,1.6299999952316284
1.0,2.619999885559082,4.800000190734863,5.449999809265137,9.039999961853027,3.190000057220459,2.200000047683716,2.119999885559082,5.960000038146973,3.9000000953674316,1.9800000190734863,3.369999885559082,8.020000457763672,4.460000038146973,2.680000066757202,5.509999990463257
0.0,3.109999895095825,3.2100000381469727,3.1700000762939453,3.390000104904175,3.490000009536743,3.0799999237060547,3.7899999618530273,2.869999885559082,3.140000104904175,3.059999942779541,3.549999952316284,3.259999990463257,3.569999933242798,3.2300000190734863,4.010000228881836
1.0,3.2100000381469727,1.8200000524520874,3.069999933242798,11.789999961853027,3.190000057220459,2.4700000286102295,2.130000114440918,1.8899999856948853,20.690000534057617,3.0299999713897705,3.609999895095825,10.260000228881836,1.6200000047683716,3.4049999713897705,2.1299999952316284
1.0,5.880000114440918,5.360000133514404,1.5499999523162842,4.849999904632568,10.329999923706055,5.150000095367432,5.269999980926514,5.599999904632568,5.420000076293945,24.6299991607666,4.210000038146973,5.309999942779541,4.539999961853027,4.190000057220459,21.21500015258789
1.0,2.9800000190734863,4.735000014305115,5.579999923706055,3.430000066757202,4.8500001430511475,4.915000081062317,4.979999899864197,3.0799999237060547,5.222499966621399,3.3149999380111694,3.324999988079071,4.075000047683716,4.222500026226044,3.4375000298023224,3.1449999809265137
0.0,2.8499999046325684,2.740000009536743,2.6500000953674316,2.799999952316284,2.7799999713897705,2.450000047683716,2.7699999809265137,2.6500000953674316,2.2699999809265137,2.680000066757202,2.640000104904175,2.690000057220459,2.6799999475479126,2.819999933242798,2.5199999809265137
0.0,1.2100000381469727,1.340000033378601,1.399999976158142,1.7000000476837158,1.8300000429153442,1.2899999618530273,1.5,1.9500000476837158,1.6100000143051147,1.309999942779541,1.350000023841858,0.9800000190734863,1.4700000286102295,1.1200000047683716,1.5849999785423279
0.0,2.0399999618530273,2.5299999713897705,2.2799999713897705,1.9800000190734863,2.359999895095825,2.200000047683716,1.9800000190734863,2.430000066757202,2.309999942779541,2.259999990463257,2.819999933242798,2.2699999809265137,2.049999952316284,2.2799999713897705,2.10999995470047
0.0,1.3200000524520874,1.8200000524520874,1.5700000524520874,2.640000104904175,2.069999933242798,4.190000057220459,4.429999828338623,2.7300000190734863,2.7799999713897705,3.059999942779541,3.0,2.559999942779541,4.365000009536743,4.075000047683716,2.7450000047683716
1.0,4.980000019073486,5.170000076293945,3.6600000858306885,3.880000114440918,4.309999942779541,4.949999809265137,5.199999809265137,4.210000038146973,5.190000057220459,4.840000152587891,3.890000104904175,3.859999895095825,4.880000114440918,5.019999980926514,5.679999828338623
0.0,3.059999942779541,4.730000019073486,5.119999885559082,4.559999942779541,3.390000104904175,4.724999904632568,3.5649999380111694,4.325000166893005,4.5350000858306885,4.565000057220459,4.055000066757202,3.515000104904175,4.0950000286102295,4.6499998569488525,3.620000123977661
1.0,42.97999954223633,110.16999816894531,19.829999923706055,3.140000104904175,5.539999961853027,4.789999961853027,2.4000000953674316,1.850000023841858,14.710000038146973,25.540000915527344,1.9600000381469727,1.9800000190734863,8.504999995231628,17.324999690055847,4.615000009536743
1.0,30.1200008392334,2.309999942779541,7.130000114440918,2.049999952316284,2.1700000762939453,7.010000228881836,2.369999885559082,1.7200000286102295,1.7900000214576721,3.075000047683716,19.515000760555267,23.205000162124634,19.40500020980835,1.8349999785423279,1.449999988079071
0.0,2.109999895095825,3.2899999618530273,3.0799999237060547,2.2100000381469727,2.2300000190734863,3.2200000286102295,1.840000033378601,3.3499999046325684,2.9100000262260437,2.5850000381469727,2.3350000381469727,3.2699999809265137,2.6750000715255737,1.9800000190734863,3.1200000047683716
0.0,2.0299999713897705,1.5099999904632568,1.4299999475479126,1.5099999904632568,1.5,1.440000057220459,1.5199999809265137,1.309999942779541,1.4500000476837158,1.3600000143051147,1.4199999570846558,1.4599999785423279,1.5400000214576721,1.6800000071525574,1.4900000095367432
0.0,1.559999942779541,1.399999976158142,1.940000057220459,1.440000057220459,1.5199999809265137,1.309999942779541,1.8700000047683716,1.5499999523162842,1.6800000071525574,1.8299999833106995,1.7700000405311584,1.3799999952316284,1.7199999690055847,1.4749999642372131,1.35999995470047
0.0,2.5199999809265137,3.7200000286102295,2.759999990463257,2.549999952316284,2.7799999713897705,6.619999885559082,4.639999866485596,4.860000133514404,3.299999952316284,4.269999980926514,3.8499999046325684,32.790000915527344,4.199999809265137,3.7100000381469727,3.5600000619888306
1.0,3.309999942779541,4.519999980926514,4.070000171661377,3.309999942779541,4.639999866485596,3.9900001287460327,3.9100000858306885,4.200000047683716,4.134999990463257,3.7050000429153442,4.070000171661377,3.309999942779541,5.59499990940094,4.130000114440918,4.4649999141693115
1.0,3.9000000953674316,4.460000038146973,12.359999656677246,8.930000305175781,3.430000066757202,4.210000038146973,4.230000019073486,3.899999976158142,3.880000114440918,3.7350000143051147,4.025000095367432,3.559999942779541,3.9749999046325684,4.2149999141693115,5.59499979019165
1.0,2.059999942779541,2.2100000381469727,125.41999816894531,3.8499999046325684,27.93000030517578,3.3299999237060547,360.1499938964844,1.5199999809265137,1.4600000381469727,1.559999942779541,7.730000019073486,123.98999786376953,1.8799999952316284,1.8600000143051147,38.09000015258789
1.0,1.0199999809265137,2.4800000190734863,1.0800000429153442,4.960000038146973,2.4800000190734863,2.4800000190734863,0.8799999952316284,2.4800000190734863,1.2100000381469727,443.79998779296875,2.4800000190734863,0.8299999833106995,9.920000076293945,2.2899999618530273,4.1600000858306885
0.0,1.600000023841858,2.809999942779541,1.309999942779541,1.690000057220459,1.340000033378601,1.0700000524520874,1.9600000381469727,1.440000057220459,2.3399999141693115,1.2300000190734863,1.350000023841858,2.180000066757202,1.9600000381469727,2.290000021457672,1.3949999809265137
0.0,1.4199999570846558,1.4500000476837158,2.490000009536743,1.850000023841858,1.840000033378601,1.9299999475479126,2.630000114440918,1.600000023841858,1.3600000143051147,1.6200000047683716,1.9299999475479126,2.0799999237060547,1.6800000071525574,1.7899999618530273,1.6299999952316284
0.0,6.199999809265137,5.4750001430511475,1.965000033378601,7.489999890327454,2.125,1.7249999642372131,2.2199999690055847,1.7649999856948853,1.5950000286102295,1.5149999856948853,2.6049999594688416,1.6650000214576721,5.705000102519989,2.6350000500679016,1.9449999928474426,2.3949999809265137,1.4749999642372131,1.5699999928474426,7.539999961853027
0.0,1.9299999475479126,2.390000104904175,2.4000000953674316,2.309999942779541,2.0999999046325684,2.5,2.1500000953674316,2.549999952316284,2.619999885559082,1.8899999856948853,2.2100000381469727,2.0700000524520874,2.2300000190734863,2.1100000143051147,2.430000066757202
1.0,3.369999885559082,2.0199999809265137,1.5700000524520874,2.700000047683716,1.8200000524520874,3.0399999618530273,1.159999966621399,2.0399999618530273,3.390000104904175,1.5700000524520874,1.8200000524520874,1.9800000190734863,1.8200000524520874,2.740000009536743,1.649999976158142
1.0,2.890000104904175,3.0199999809265137,3.359999895095825,22.860000610351562,2.930000066757202,21.479999542236328,24.1200008392334,2.4800000190734863,2.130000114440918,12.149999618530273,6.400000095367432,2.8600000143051147,3.2450000047683716,13.115000367164612,2.4299999475479126
0.0,0.9900000095367432,1.2300000190734863,1.340000033378601,0.9900000095367432,0.9300000071525574,2.7699999809265137,1.2799999713897705,1.0199999809265137,1.100000023841858,1.440000057220459,1.899999976158142,1.809999942779541,1.0099999904632568,1.1200000047683716,1.1299999952316284
1.0,7.75,8.449999809265137,10.649999618530273,7.130000114440918,7.699999809265137,9.140000343322754,7.690000057220459,9.550000190734863,8.5,8.020000457763672,13.965000629425049,13.579999923706055,21.25999927520752,8.134999990463257,6.859999895095825
0.0,3.1700000762939453,3.1600000858306885,2.9200000762939453,3.0,3.509999990463257,3.0799999237060547,3.4000000953674316,2.5899999141693115,3.359999895095825,2.890000104904175,3.259999990463257,3.634999990463257,3.5199999809265137,3.0449999570846558,3.4549999237060547
0.0,2.2799999713897705,1.9299999475479126,1.5299999713897705,1.7000000476837158,1.899999976158142,1.800000011920929,1.85999995470047,1.6700000166893005,1.5600000023841858,2.1649999618530273,2.3449999690055847,1.6850000023841858,2.0100000500679016,2.184999942779541,2.4200000166893005
1.0,0.6899999976158142,0.699999988079071,0.7900000214576721,204492.5625,82522.3203125,0.8299999833106995,0.6399999856948853,0.8299999833106995,36804.9609375,35740.5,0.8299999833106995,1316.530029296875,227441.328125,160557.03125,3.359999895095825
1.0,2.740000009536743,2.7100000381469727,2.5399999618530273,2.880000114440918,3.069999933242798,516.4500122070312,3.0999999046325684,3.180000066757202,213.63999938964844,2.9800000190734863,4.789999961853027,3.069999933242798,2.359999895095825,2.6299999952316284,2.71999990940094
1.0,4.630000114440918,4.300000190734863,2.8299999237060547,6.53000020980835,4.585000038146973,7.930000066757202,5.900000095367432,4.669999957084656,3.759999990463257,3.9800000190734863,6.210000038146973,5.579999923706055,5.7850000858306885,5.0,9.365000247955322
0.0,3.5399999618530273,4.210000038146973,4.019999980926514,28.690000534057617,6.460000038146973,6.449999809265137,6.039999961853027,44.90999984741211,5.699999809265137,5.130000114440918,4.309999942779541,9.289999961853027,3.259999990463257,3.359999895095825,4.139999866485596
0.0,3.9600000381469727,3.809999942779541,3.319999933242798,4.5,2.880000114440918,3.2300000190734863,3.1600000858306885,3.25,3.1500000953674316,3.299999952316284,4.760000228881836,2.7300000190734863,4.400000095367432,3.7200000286102295,3.8600001335144043
1.0,1.440000057220459,1.5199999809265137,1.4600000381469727,1.399999976158142,1.3700000047683716,5.829999923706055,1.4700000286102295,1.5499999523162842,1.809999942779541,1.4900000095367432,1.1699999570846558,1.5700000524520874,1.7899999618530273,1.6800000071525574,1.9899999499320984
1.0,6.320000171661377,1.8799999952316284,4.480000019073486,1.9299999475479126,1.7899999618530273,2.1700000762939453,63.27000045776367,1.9800000190734863,7.909999847412109,1.5199999809265137,1.600000023841858,2.9800000190734863,1.690000057220459,3.8299999237060547,14.430000305175781
1.0,61.45000076293945,24.260000228881836,32.060001373291016,59.84000015258789,19.360000610351562,56.20000076293945,24.770000457763672,168.00999450683594,69.4000015258789,58.7599983215332,20.020000457763672,16.969999313354492,44.599998474121094,72.62000274658203,141.25999450683594
0.0,0.699999988079071,0.75,0.800000011920929,0.8999999761581421,0.75,0.75,2.0449999570846558,1.6650000512599945,0.8449999988079071,0.7750000059604645,0.75,0.75,0.8499999940395355,0.6500000059604645,0.7600000202655792
1.0,74.51000213623047,1379.2099609375,274.7200012207031,4330.330078125,116.88999938964844,15.300000190734863,9728.98046875,189.5,31.399999618530273,2742.22998046875,12.859999656677246,2077.56005859375,952.135009765625,769.0800018310547,220.77999877929688
1.0,2.4800000190734863,3.309999942779541,22.309999465942383,2.450000047683716,2.4600000381469727,1.959999918937683,2.175000011920929,2.819999933242798,67.81500124931335,66.16499996185303,34.260000467300415,9.089999914169312,65.91999816894531,2.384999990463257,1.8699999451637268
1.0,1.690000057220459,1.3300000429153442,1.7899999618530273,2.8299999237060547,2.9800000190734863,2.309999942779541,1.7000000476837158,1.690000057220459,1.600000023841858,2.0799999237060547,1.8300000429153442,1.0399999618530273,1.4900000095367432,1.909999966621399,2.069999933242798
0.0,5.900000095367432,17.520000457763672,1.7599999904632568,1.5399999618530273,1.4900000095367432,2.819999933242798,101.69000244140625,1.8700000047683716,2.549999952316284,1.6100000143051147,1.8799999952316284,4.690000057220459,1.8300000429153442,1.8100000023841858,254.73500734567642
1.0,1.9800000190734863,24.15999984741211,2.2200000286102295,4.460000038146973,16.790000915527344,3.5999999046325684,3.890000104904175,1.5199999809265137,2.640000104904175,2.680000066757202,7.929999887943268,7.609999895095825,2.75,9.760000228881836,4.40500009059906
0.0,2.75,3.5,3.0,2.700000047683716,3.680000066757202,3.5999999046325684,3.5,3.5,3.299999952316284,2.799999952316284,2.7300000190734863,3.5999999046325684,2.5999999046325684,2.640000104904175,2.8450000286102295
0.0,6.670000076293945,5.460000038146973,5.260000228881836,5.21999979019165,5.409999847412109,5.050000190734863,5.96999979019165,5.429999828338623,5.240000009536743,30.02500057220459,9.71500015258789,6.170000076293945,110.20999693870544,8.025000095367432,6.454999923706055
1.0,2.799999952316284,2.180000066757202,1.899999976158142,2.119999885559082,2.2699999809265137,2.4000000953674316,2.130000114440918,2.309999942779541,2.1600000858306885,2.25,58.880001068115234,2.299999952316284,59.20000076293945,15.079999923706055,2.309999942779541
1.0,65.26000213623047,729.0,216.2100067138672,8.5,141.3300018310547,22.530000686645508,312.6000061035156,26.5,69.75,1121.9399719238281,88.02000045776367,42.71999931335449,813.22998046875,81.93499755859375,19.885000228881836
0.0,1.399999976158142,1.5199999809265137,1.5,6.010000228881836,1.6399999856948853,4.570000171661377,1.2200000286102295,1.4799999594688416,1.5899999737739563,1.5200000405311584,1.5999999642372131,2.064999997615814,4.795000076293945,1.4300000071525574,3.1549999713897705
0.0,1.7899999618530273,1.5700000524520874,2.369999885559082,1.600000023841858,2.1700000762939453,1.4900000095367432,2.4600000381469727,2.259999990463257,3.130000054836273,1.715000033378601,2.4149999618530273,1.2799999713897705,1.1550000309944153,1.4300000071525574,2.824999988079071
0.0,2.549999952316284,2.7699999809265137,2.549999952316284,2.9600000381469727,2.9100000858306885,2.1700000762939453,2.7100000381469727,2.450000047683716,2.440000057220459,2.5299999713897705,2.3499999046325684,2.4100000858306885,2.609999895095825,2.450000047683716,2.4100000858306885
1.0,4.03000020980835,326.7200012207031,4.760000228881836,5.730000019073486,4.260000228881836,817.02001953125,4.190000057220459,161.25999450683594,773.3099975585938,146.25999450683594,4.699999809265137,56.83000183105469,4.130000114440918,1161.5899658203125,4.6600000858306885
1.0,4.230000019073486,22.110000610351562,30.229999542236328,6.360000133514404,2.0999999046325684,1.940000057220459,1.7999999523162842,1.7999999523162842,1.600000023841858,2.190000057220459,33.290000915527344,34.94999885559082,8.435000121593475,2.350000023841858,1.600000023841858
1.0,4.050000190734863,3.640000104904175,7.019999980926514,19.18000030517578,5.25,3.9800000190734863,7.119999885559082,18.020000457763672,4.369999885559082,3.630000114440918,4.380000114440918,34.459999084472656,4.539999961853027,3.5999999046325684,7.739999771118164
0.0,1.100000023841858,1.100000023841858,1.1100000143051147,1.409999966621399,1.6299999952316284,1.0399999618530273,1.100000023841858,1.2999999523162842,1.2999999523162842,1.9299999475479126,1.2999999523162842,1.100000023841858,1.100000023841858,1.2000000476837158,1.4350000023841858
1.0,3.0799999237060547,114.63999938964844,4.090000152587891,3.4600000381469727,105.02999877929688,3.8299999237060547,2.259999990463257,116.93000030517578,2.119999885559082,2.069999933242798,7.370000123977661,52.36499857902527,2.899999976158142,4.105000019073486,31.65999948978424
0.0,2.259999990463257,2.1500000953674316,1.5700000524520874,1.7200000286102295,1.190000057220459,1.4900000095367432,2.309999942779541,2.0399999618530273,1.9900000095367432,2.1500000953674316,2.4000000953674316,2.4000000953674316,2.1500000953674316,1.8200000524520874,1.9450000524520874
0.0,2.3399999141693115,2.8299999237060547,2.8299999237060547,1.9299999475479126,2.3299999237060547,2.440000057220459,2.859999895095825,1.9700000286102295,2.25,3.4100000858306885,1.9800000190734863,3.4800000190734863,4.46999979019165,2.940000057220459,2.2100000381469727
1.0,4.840000152587891,3.6700000762939453,2.6500000953674316,3.990000009536743,4.599999904632568,3.630000114440918,4.269999980926514,4.115000128746033,5.505000114440918,4.460000038146973,4.315000057220459,4.710000038146973,3.365000009536743,4.579999923706055,4.560000061988831
1.0,3.5199999809265137,38.31999969482422,112.16999816894531,2.4100000858306885,18.3700008392334,2.059999942779541,11.430000305175781,14.8100004196167,1.9299999475479126,29.059999465942383,18.634999990463257,62.72500032186508,59.64500153064728,37.60499811172485,35.3149995803833
1.0,1.409999966621399,0.8799999952316284,1.0700000524520874,1.649999976158142,1.0199999809265137,1.3600000143051147,1.2400000095367432,1.340000033378601,1.5299999713897705,5.789999961853027,1.5199999809265137,1.0199999809265137,1.1100000143051147,1.75,1.3799999952316284
1.0,4.630000114440918,3.9700000286102295,9.390000343322754,14.660000324249268,5.31000018119812,29.765000820159912,5.134999990463257,5.164999961853027,7.679999828338623,7.854999780654907,33.35499906539917,4.259999990463257,19.80500078201294,9.795000076293945,26.81999969482422
0.0,5.110000133514404,3.7500001192092896,4.754999876022339,3.869999885559082,4.179999947547913,4.020000100135803,4.165000081062317,3.2149999141693115,4.115000009536743,3.075000047683716,3.765000104904175,4.360000133514404,2.8950001001358032,3.950000047683716,2.65500009059906,4.509999990463257,5.444999933242798,3.630000114440918,4.005000114440918,3.799999952316284
0.0,2.930000066757202,1.5499999523162842,10.300000190734863,1.690000057220459,3.359999895095825,2.2300000190734863,1.4500000476837158,2.369999885559082,2.109999895095825,1.6399999856948853,2.930000066757202,112.16999816894531,2.050000011920929,2.3700000643730164,2.300000011920929
1.0,1125.6199951171875,4.329999923706055,7646.27978515625,5595.8701171875,1.600000023841858,7816.52978515625,5.380000114440918,175.2100067138672,10583.4697265625,57.72999954223633,624.4600219726562,18.639999389648438,2.369999885559082,3004.1298828125,1.8300000429153442
0.0,1.7100000381469727,1.2999999523162842,1.399999976158142,1.850000023841858,1.2999999523162842,1.5,1.3300000429153442,1.5,2.7699999809265137,1.690000057220459,1.5,1.4399999976158142,1.600000023841858,1.4749999642372131,1.600000023841858
1.0,6.119999885559082,5.369999885559082,3.640000104904175,3.880000114440918,4.460000038146973,2.1500000953674316,2.4800000190734863,5.869999885559082,5.539999961853027,4.6549999713897705,1.8600000143051147,4.090000092983246,4.6250001192092896,4.095000147819519,3.3450000286102295
0.0,3.309999942779541,3.3299999237060547,5.570000171661377,1.3899999856948853,1.7300000190734863,6.5,3.0199999809265137,1.3799999952316284,1.8199999332427979,1.6149999499320984,3.6550000309944153,3.0450000762939453,3.5450000762939453,2.2949999570846558,1.659999966621399
1.0,2.309999942779541,1.9449999928474426,2.090000033378601,2.189999997615814,1.649999976158142,2.049999952316284,2.2350000143051147,1.5699999928474426,2.1750000715255737,2.024999976158142,1.9000000357627869,2.075000047683716,2.2200000286102295,1.8849999904632568,2.1600000262260437,1.9000000357627869,2.3100000619888306
0.0,1.4700000286102295,1.690000057220459,1.5700000524520874,1.5700000524520874,1.6699999570846558,1.3899999856948853,1.350000023841858,1.4900000095367432,1.4299999475479126,210.55999755859375,1.25,48.02000045776367,1.3600000143051147,1.600000023841858,1.399999976158142
1.0,1.600000023841858,1.5700000524520874,1.600000023841858,1.7000000476837158,1.399999976158142,1.399999976158142,1.7000000476837158,1.7000000476837158,1.6299999952316284,1.6500000357627869,1.9300000667572021,1.75,1.6700000166893005,2.0049999952316284,1.699999988079071
0.0,3.7200000286102295,3.140000104904175,2.2300000190734863,3.009999990463257,2.559999942779541,2.2799999713897705,4.050000190734863,2.690000057220459,2.549999952316284,2.809999942779541,3.100000023841858,2.615000009536743,2.740000009536743,2.8300000429153442,2.6449999809265137
0.0,2.759999990463257,2.880000114440918,3.109999895095825,2.609999895095825,3.430000066757202,2.549999952316284,2.609999895095825,2.7300000190734863,3.009999990463257,3.3499999046325684,2.880000114440918,2.7899999618530273,3.209999918937683,2.884999990463257,2.8549998998641968
1.0,514.8599853515625,382.5400085449219,1.9800000190734863,3.4000000953674316,2.0,5.519999980926514,2.700000047683716,2.5,2.359999895095825,311.3299865722656,28.90999984741211,2.690000057220459,3.4800000190734863,343.5800098180771,3.3200000524520874
0.0,19.010000228881836,11.569999694824219,9.920000076293945,21.899999618530273,11.569999694824219,19.010000228881836,19.829999923706055,22.809999465942383,14.880000114440918,20.65999984741211,19.829999923706055,10.739999771118164,18.760000228881836,10.739999771118164,9.09000015258789
1.0,6.590000152587891,5.03000020980835,5.699999809265137,4.690000057220459,6.449999809265137,6.550000190734863,5.539999961853027,5.690000057220459,5.840000152587891,4.550000190734863,6.059999942779541,5.869999885559082,5.099999904632568,5.639999866485596,6.409999847412109
0.0,15.869999885559082,9.739999771118164,14.930000305175781,15.640000343322754,15.5,16.360000610351562,9.4399995803833,14.010000228881836,11.880000114440918,12.279999732971191,13.600000381469727,13.119999885559082,9.430000305175781,11.529999732971191,13.75
0.0,1.2799999713897705,2.4800000190734863,1.4299999475479126,1.399999976158142,2.4800000190734863,2.4800000190734863,3.309999942779541,1.2200000286102295,1.4500000476837158,1.9800000190734863,1.6399999856948853,1.8700000047683716,2.2350000143051147,1.7299999594688416,2.740000009536743
1.0,5.699999809265137,4.630000114440918,13.930000305175781,4.460000038146973,5.039999961853027,5.539999961853027,5.619999885559082,5.539999961853027,5.539999961853027,8.09000015258789,6.03000020980835,11.569999694824219,5.119999885559082,12.069999694824219,6.240000009536743
0.0,1.7000000476837158,1.8600000143051147,1.7999999523162842,3.4950000643730164,3.365000009536743,3.2549999952316284,1.7350000143051147,1.949999988079071,1.8049999475479126,2.0600000619888306,1.7000000476837158,1.875,6.980000138282776,13.850000202655792,3.8949999809265137
0.0,2.0899999141693115,2.0199999809265137,3.009999990463257,2.309999942779541,2.0199999809265137,2.119999885559082,2.259999990463257,2.1700000762939453,2.240000009536743,1.850000023841858,1.9800000190734863,2.609999895095825,3.0199999809265137,1.8849999904632568,2.424999952316284
0.0,3.259999990463257,3.049999952316284,4.079999923706055,3.0899999141693115,2.7200000286102295,2.640000104904175,3.4000000953674316,5.920000076293945,2.4800000190734863,4.739999771118164,4.739999771118164,3.2600001096725464,3.700000047683716,3.690000057220459,3.5850000381469727
0.0,2.3499999046325684,2.119999885559082,1.690000057220459,2.0450000762939453,2.0450000166893005,2.384999990463257,2.134999990463257,1.9100000262260437,2.1649999618530273,1.975000023841858,2.1449999809265137,2.134999990463257,2.240000009536743,2.119999945163727,2.140000104904175
0.0,1.5700000524520874,1.5,1.6799999475479126,2.2100000381469727,2.2699999809265137,2.2899999618530273,2.4600000381469727,121.91000366210938,1.2599999904632568,1.3799999952316284,1.4299999475479126,2.2200000286102295,2.740000009536743,1.4800000190734863,28.44499933719635
1.0,2.309999942779541,2.200000047683716,1.7899999618530273,2.130000114440918,1.7599999904632568,1.75,2.309999942779541,1.8300000429153442,1.940000057220459,1.5099999904632568,1.6799999475479126,2.2100000381469727,1.600000023841858,1.899999976158142,2.1800000071525574
0.0,2.069999933242798,1.7000000476837158,1.7400000095367432,2.0,1.940000057220459,1.899999976158142,1.649999976158142,1.9800000190734863,2.2300000190734863,1.899999976158142,1.649999976158142,2.0299999713897705,1.909999966621399,2.0850000381469727,1.8199999928474426
0.0,1.690000057220459,1.850000023841858,1.7000000476837158,1.5700000524520874,1.8799999952316284,1.5499999523162842,1.2100000381469727,1.659999966621399,1.5,1.3600000143051147,1.7899999618530273,1.649999976158142,1.649999976158142,2.025000035762787,1.4450000524520874
0.0,0.8199999928474426,0.8799999952316284,1.159999966621399,0.7900000214576721,0.7300000190734863,0.8399999737739563,0.7149999737739563,0.8199999928474426,0.8250000178813934,0.9300000071525574,0.8149999976158142,0.7650000154972076,0.5750000178813934,0.7299999892711639,0.6550000011920929
1.0,2.059999942779541,2.450000047683716,4.170000076293945,3.759999990463257,2.8499999046325684,4.340000152587891,4.21999979019165,2.9600000381469727,4.789999961853027,2.4600000381469727,1.7300000190734863,2.325000047683716,1.5400000214576721,3.0899999141693115,2.9799998998641968
1.0,13.220000267028809,3.309999942779541,50.40999984741211,2.4800000190734863,4.960000038146973,2.4800000190734863,2.930000066757202,4.130000114440918,269294.21875,19081.8203125,9.09000015258789,2.119999885559082,2.450000047683716,2.6500000953674316,2.290000021457672
0.0,1.7899999618530273,1.7000000476837158,1.7599999904632568,1.7699999809265137,1.8300000429153442,1.6299999952316284,1.8600000143051147,1.7200000286102295,2.309999942779541,1.8300000429153442,2.009999990463257,1.559999942779541,1.7400000095367432,1.7899999618530273,1.8149999976158142
1.0,15.680000305175781,8.180000305175781,16.979999542236328,7.690000057220459,23.219999313354492,12.979999542236328,9.670000076293945,9.829999923706055,120.31999969482422,8.430000305175781,7.519999980926514,17.09000015258789,122.75,19.5,77.85000038146973
0.0,2.130000114440918,1.909999966621399,1.75,1.5299999713897705,1.649999976158142,2.4800000190734863,2.4800000190734863,1.8799999952316284,1.8349999785423279,1.774999976158142,1.649999976158142,1.649999976158142,1.649999976158142,410.5600048303604,1.9150000214576721
0.0,1.340000033378601,1.409999966621399,1.1399999856948853,1.6299999952316284,1.659999966621399,1.7899999618530273,1.3799999952316284,1.659999966621399,1.5199999809265137,1.2100000381469727,1.2599999904632568,1.100000023841858,2.119999885559082,1.25,1.4300000071525574
1.0,3.940000057220459,7.059999942779541,3.890000104904175,3.859999895095825,4.190000057220459,3.440000057220459,4.820000171661377,22.8799991607666,3.880000114440918,4.880000114440918,4.690000057220459,4.550000190734863,88.3499984741211,4.670000076293945,10.549999713897705
0.0,1.5399999618530273,1.2400000095367432,0.9100000262260437,1.9600000381469727,1.2400000095367432,1.3600000143051147,1.0099999904632568,11.289999961853027,1.225000023841858,1.1700000166893005,1.0700000524520874,1.0600000023841858,1.1650000214576721,1.9700000286102295,3.0299999117851257
0.0,1.3300000429153442,3.640000104904175,1.559999942779541,3.190000057220459,1.8300000429153442,3.630000114440918,1.6699999570846558,3.809999942779541,1.475000023841858,1.2900000214576721,1.4399999976158142,2.5850000381469727,2.799999952316284,1.7300000190734863,2.399999976158142
0.0,225.1999969482422,1773.0999755859375,6.800000190734863,127.9000015258789,443.5,1217.5999755859375,1594.799976348877,19.945000171661377,10.275000393390656,201.80000686645508,143.55499696731567,236.13500303030014,60845.25421142578,54.88499999046326,218.59999465942383
1.0,4.389999866485596,8.890000343322754,3.700000047683716,9.979999542236328,4.130000114440918,5.940000057220459,9.09000015258789,3.8499999046325684,7.0,3.8350000381469727,6.859999895095825,4.545000076293945,4.005000114440918,5.045000076293945,11.914999961853027
1.0,1.0700000524520874,1.8200000524520874,2.4800000190734863,1.4900000095367432,5.699999809265137,2.4800000190734863,2.809999942779541,2.1500000953674316,1.8200000524520874,7.110000133514404,1.7400000095367432,2.3499999046325684,2.0299999713897705,1.649999976158142,1.7400000095367432
0.0,2.5,2.3399999141693115,3.8399999141693115,2.2100000381469727,2.4200000762939453,2.309999942779541,3.680000066757202,2.509999990463257,2.7899999618530273,2.4800000190734863,3.3249999284744263,2.8799999952316284,3.159999966621399,2.194999933242798,2.209999918937683
0.0,4.78000020980835,4.300000190734863,4.5,5.840000152587891,5.550000190734863,4.869999885559082,5.799999952316284,3.9350000619888306,5.484999895095825,4.329999923706055,4.835000038146973,4.550000071525574,3.8600000143051147,5.494999885559082,4.294999957084656
0.0,2.4100000858306885,1.9950000047683716,2.35999995470047,2.1200000047683716,23.30000066757202,2.184999942779541,2.0350000262260437,2.0199999809265137,2.149999976158142,4.024999976158142,1.8799999952316284,1.9749999642372131,2.200000047683716,2.149999976158142,22.292499989271164
1.0,5.789999961853027,17.260000228881836,8.630000114440918,53.16999816894531,4.309999942779541,7.650000095367432,24.510000228881836,239.4599962234497,40.024999141693115,461.3350110054016,7.570000171661377,8.475000143051147,9.309999942779541,148.3299926519394,89.0850031375885
0.0,2.194999933242798,2.2649999856948853,1.949999988079071,1.7450000047683716,1.7699999809265137,1.5200000405311584,1.8499999642372131,1.4599999785423279,1.5,1.4700000286102295,1.600000023841858,1.64000004529953,1.469999998807907,1.6524999737739563,1.8324999809265137
0.0,1.940000057220459,2.1700000762939453,1.7200000286102295,1.899999976158142,2.0999999046325684,2.0999999046325684,2.359999895095825,2.2300000190734863,2.125,2.200000047683716,2.0,2.0600000619888306,2.3249999284744263,1.9749999642372131,1.9199999570846558
1.0,1.6299999952316284,2.8299999237060547,3.140000104904175,2.4800000190734863,2.4100000858306885,1.7899999618530273,2.4000000953674316,1.7899999618530273,3.049999952316284,1.7300000190734863,2.6700000762939453,1.7400000095367432,3.930000066757202,1.8600000143051147,2.2800000309944153
1.0,2.0999999046325684,2.9800000190734863,3.059999942779541,2.2300000190734863,2.9800000190734863,3.059999942779541,2.2799999713897705,4.460000038146973,3.2200000286102295,2.9800000190734863,2.6100000143051147,2.3149999380111694,3.840000033378601,2.3600000143051147,2.7649999856948853
0.0,4.465000152587891,4.015000104904175,3.950000047683716,4.010000109672546,3.845000147819519,3.759999990463257,4.254999995231628,4.294999957084656,4.135000109672546,4.129999995231628,3.805000066757202,4.485000014305115,4.424999952316284,4.03000009059906,3.840000033378601
1.0,18.760000228881836,5.389999866485596,7.690000057220459,4.039999961853027,6.03000020980835,3.3299999237060547,9.029999732971191,18.350000381469727,5.119999885559082,33.220001220703125,47.02000045776367,7.694999933242798,12.4350004196167,8.06000018119812,9.230000019073486
0.0,2.890000104904175,2.559999942779541,2.8399999141693115,2.880000114440918,3.0199999809265137,3.069999933242798,2.5999999046325684,2.9000000953674316,2.7799999713897705,2.7699999809265137,2.640000104904175,2.9600000381469727,3.2699999809265137,9.59000015258789,3.0899999141693115
1.0,4.570000171661377,12.84000015258789,22.190000534057617,4.46999979019165,10.859999656677246,4.739999771118164,3.950000047683716,85.29000091552734,2.930000066757202,8.695000171661377,20.24500036239624,9.764999866485596,4.175000071525574,2.7300000190734863,7.025000095367432
1.0,4.179999828338623,2.0799999237060547,2.6600000858306885,3.809999942779541,1.909999966621399,4.809999942779541,1.8600000143051147,4.269999980926514,4.379999995231628,2.0850000381469727,2.3049999475479126,2.774999976158142,2.8799999952316284,2.7100000381469727,4.319999933242798
0.0,2.049999952316284,1.6200000047683716,2.740000009536743,2.490000009536743,2.2799999713897705,2.619999885559082,1.4700000286102295,1.4900000095367432,1.7899999618530273,7.880000114440918,2.630000114440918,1.4299999475479126,4.869999885559082,3.640000104904175,1.5399999618530273
1.0,429.3699951171875,5.659999847412109,719.8900146484375,32.630001068115234,383.9700012207031,3.7300000190734863,3.7799999713897705,3.0899999141693115,4.550000190734863,95.54000091552734,6.004999995231628,94.25500178337097,4.069999933242798,84.46000099182129,53.35999917984009
1.0,213.9499969482422,3219.18994140625,1273.18994140625,93.0199966430664,161.0399932861328,231.00999450683594,3189.3701171875,111.66000366210938,110.30999755859375,69.33000183105469,2035.7099609375,2917.169921875,1927.7050476074219,1333.145004272461,509.31500244140625
1.0,1513.0,9.300000190734863,4.699999809265137,16474.0,8.100000381469727,4.199999809265137,4.699999809265137,4.300000190734863,4.900000095367432,6.099999904632568,11864.0,5.199999809265137,16.040000438690186,13865.14999961853,19.100000381469727
1.0,0.8299999833106995,1.7100000381469727,1.850000023841858,2.259999990463257,4.460000038146973,1.9600000381469727,2.450000047683716,2.5,1.8899999856948853,2.740000009536743,1.6699999570846558,2.1600000858306885,1.649999976158142,1.7699999809265137,1.840000033378601
1.0,14.710000038146973,3591.489990234375,11.029999732971191,15.539999961853027,10.960000038146973,17103.310546875,15.119999885559082,13.640000343322754,13.970000267028809,20.0,9.470000267028809,8212.0703125,13.970000267028809,22.809999465942383,28714.05078125
1.0,232.3000030517578,1126.6199951171875,3367.830078125,11121.98046875,588.8200073242188,53818.1796875,27663.400390625,504.260009765625,3750.050048828125,25162.490234375,65966.9375,2179.860107421875,1079.0999755859375,282.19000244140625,8911.399841308594
1.0,751.0,2.0,24.200000762939453,450.0,2.200000047683716,43.20000076293945,2.0,116.5,8.399999618530273,4.5,4.699999809265137,2.200000047683716,2.200000047683716,1.850000023841858,2.0
0.0,1.2400000095367432,1.2400000095367432,1.399999976158142,1.399999976158142,1.2000000476837158,1.4900000095367432,1.4900000095367432,1.7400000095367432,1.2400000095367432,1.3200000524520874,1.4900000095367432,1.4050000309944153,1.4449999928474426,1.4050000309944153,1.1899999976158142
1.0,2.3299999237060547,2.240000009536743,4.170000076293945,5.869999885559082,3.7699999809265137,37.310001373291016,4.0,2.2799999713897705,8.899999618530273,4.630000114440918,2.0199999809265137,2.190000057220459,4.190000057220459,19.0349999666214,13.210000038146973
1.0,2.309999942779541,2.3399999141693115,3.119999885559082,2.1700000762939453,2.2200000286102295,2.1600000858306885,2.509999990463257,2.640000104904175,2.549999952316284,2.5,2.0999999046325684,3.309999942779541,2.049999952316284,2.9200000762939453,2.5749999284744263
1.0,6.989999771118164,9.520000457763672,1.7400000095367432,2.1500000953674316,2.240000009536743,2.630000114440918,2.2300000190734863,16.1200008392334,2.069999933242798,3.390000104904175,16.670000076293945,1.3799999952316284,9.819999694824219,2.309999942779541,2.4800000190734863
0.0,3.799999952316284,4.070000171661377,3.859999895095825,3.1700000762939453,4.340000152587891,5.329999923706055,3.319999933242798,3.8299999237060547,4.03000020980835,3.9000000953674316,3.690000057220459,3.9100000858306885,4.820000171661377,4.420000076293945,4.320000052452087
1.0,3.0199999809265137,4.0,117.69000244140625,9.119999885559082,6.690000057220459,12.6899995803833,2.549999952316284,4.380000114440918,11.069999694824219,13.15999984741211,5.994999885559082,16.320000052452087,5.704999923706055,13.304999709129333,6.195000052452087
0.0,1.9600000381469727,1.690000057220459,1.7599999904632568,1.690000057220459,1.9199999570846558,1.7899999618530273,1.8300000429153442,1.7899999618530273,1.940000057220459,1.8799999952316284,1.6200000047683716,1.7100000381469727,1.9100000262260437,1.8799999952316284,1.7549999952316284
0.0,3.0199999809265137,2.930000066757202,3.309999942779541,3.450000047683716,2.309999942779541,4.070000171661377,3.299999952316284,2.2799999713897705,3.930000066757202,3.819999933242798,2.609999895095825,2.5149999856948853,2.274999976158142,2.8300000429153442,3.174999952316284
0.0,4.679999828338623,5.019999980926514,3.059999942779541,8.229999542236328,4.710000038146973,7.119999885559082,10.390000343322754,3.430000066757202,7.419999837875366,4.430000066757202,4.7200000286102295,4.805000066757202,5.619999885559082,3.934999942779541,5.715000152587891
0.0,2.9000000953674316,3.2200000286102295,2.7899999618530273,3.299999952316284,2.380000114440918,2.450000047683716,2.180000066757202,3.009999990463257,3.100000023841858,2.5449999570846558,2.4199999570846558,2.509999990463257,3.040000081062317,2.6750000715255737,2.75
0.0,2.25,1.7599999904632568,1.7899999618530273,1.8600000143051147,2.259999990463257,1.899999976158142,1.9999999403953552,1.949999988079071,2.115000069141388,2.1549999713897705,1.9599999785423279,2.1700000166893005,2.1450001001358032,1.9600000381469727,1.9149999618530273
1.0,6.309999942779541,6.21999979019165,10.279999732971191,4241.7998046875,6.21999979019165,7.5,3659.590087890625,8.170000076293945,18.610000610351562,7.929999828338623,3970.030029296875,11.369999885559082,29.1200008392334,7.53000020980835,2071.6650977134705
1.0,1.4299999475479126,1.5800000429153442,1.1200000047683716,1.600000023841858,1.25,1.0399999618530273,1.2200000286102295,1.0499999523162842,1.6399999856948853,1.7799999713897705,1.5,1.0550000071525574,1.2799999713897705,1.1449999809265137,1.315000057220459
1.0,8.760000228881836,3.9800000190734863,2.309999942779541,1.7799999713897705,1.850000023841858,11.399999618530273,2.4800000190734863,1.8799999952316284,2.049999952316284,1.9199999570846558,14.050000190734863,2.390000104904175,2.2200000286102295,2.2799999713897705,1.784999966621399
0.0,2.0899999141693115,1.2899999618530273,2.3499999046325684,1.7000000476837158,2.119999885559082,1.909999966621399,1.8799999952316284,2.359999895095825,2.3399999141693115,1.4800000190734863,1.5299999713897705,1.75,1.75,2.059999942779541,1.8899999856948853
0.0,1.4900000095367432,1.399999976158142,1.7599999904632568,1.899999976158142,1.5700000524520874,1.4449999928474426,1.5699999928474426,1.675000011920929,1.9599999785423279,1.675000011920929,1.715000033378601,1.524999976158142,1.6700000166893005,1.8199999928474426,1.7649999856948853
0.0,2.640000104904175,2.8499999046325684,1.7300000190734863,1.9299999475479126,2.6700000762939453,2.0199999809265137,3.5,2.319999933242798,1.8799999952316284,2.859999895095825,2.2100000381469727,2.1700000762939453,2.134999990463257,2.4299999475479126,2.3449999690055847
1.0,4.880000114440918,5.119999885559082,4.110000133514404,9.399999618530273,3.759999990463257,9.454999923706055,5.639999866485596,3.494999885559082,5.954999923706055,6.0350000858306885,5.109999895095825,7.200000047683716,4.944999933242798,4.894999980926514,5.159999847412109
1.0,6.71999979019165,7.239999771118164,2.930000066757202,2.819999933242798,2.430000066757202,4.070000171661377,2.299999952316284,3.0999999046325684,5.150000095367432,2.690000057220459,4.840000152587891,4.78000020980835,2.9800000190734863,2.5,3.049999952316284
0.0,0.9800000190734863,1.0399999618530273,0.9900000095367432,0.9100000262260437,0.8799999952316284,1.0700000524520874,0.9800000190734863,0.9100000262260437,0.6600000262260437,0.8299999833106995,1.0800000429153442,0.8600000143051147,0.9449999928474426,0.8299999833106995,0.9099999964237213
1.0,25.760000228881836,18.700000762939453,10.260000228881836,76.72000122070312,16.270000457763672,21.219999313354492,14.729999542236328,11.880000114440918,10.630000114440918,10.270000457763672,29.149999618530273,9.9399995803833,10.970000267028809,12.359999656677246,32.2599983215332
0.0,0.800000011920929,0.7999999821186066,0.800000011920929,0.8999999761581421,0.7249999940395355,0.7800000011920929,0.6850000023841858,0.7150000035762787,0.8350000083446503,0.675000011920929,0.8350000083446503,0.7750000059604645,0.7249999940395355,0.7899999916553497,0.6500000059604645,0.800000011920929
1.0,2.069999933242798,84.83999633789062,10.520000457763672,58.290000915527344,2.0899999141693115,2.1700000762939453,87.11500245332718,5.68999981880188,1.9999999403953552,46.91999912261963,75.84500336647034,1.7249999642372131,72.12999665737152,1.9649999737739563,103.43000030517578
1.0,78.98999786376953,8.739999771118164,1.9800000190734863,3.4000000953674316,2.4000000953674316,2.380000114440918,3.180000066757202,2.7200000286102295,2195.47998046875,4.550000190734863,3.5399999618530273,1211.4599609375,1923.8800048828125,202.0800018310547,2.5649999380111694
1.0,1.3200000524520874,108.26000213623047,2.0399999618530273,1.5700000524520874,2.549999952316284,1.899999976158142,80.98999786376953,2.6600000858306885,1.649999976158142,179.33999633789062,2.4100000858306885,1.4900000095367432,1.2400000095367432,3.1899999380111694,34.6899995803833
0.0,3.369999885559082,3.130000114440918,2.4700000286102295,2.5,3.4600000381469727,3.559999942779541,2.619999885559082,2.3299999237060547,3.5999999046325684,4.039999961853027,4.449999809265137,3.009999990463257,4.550000190734863,5.190000057220459,2.7300000190734863
0.0,1.149999976158142,3.109999895095825,1.3300000429153442,1.1299999952316284,1.3899999856948853,1.0700000524520874,7.869999885559082,1.2000000476837158,1.2300000190734863,1.7999999523162842,1.340000033378601,1.2900000214576721,3.6449999809265137,2.2450000047683716,2.1449999809265137
1.0,5.25,7.070000171661377,12.619999885559082,10.890000343322754,30.170000076293945,29.809999465942383,12.210000038146973,5.96999979019165,8.25,25.309999465942383,29.510000228881836,14.369999885559082,18.09000015258789,4.28000020980835,4.300000190734863
0.0,1.7899999618530273,1.6799999475479126,2.5399999618530273,1.8300000429153442,1.8899999856948853,1.6100000143051147,1.8600000143051147,1.9800000190734863,2.1500000953674316,2.130000114440918,1.9299999475479126,2.259999990463257,1.9700000286102295,1.7899999618530273,2.1700000762939453
0.0,2.200000047683716,1.2999999523162842,3.5999999046325684,2.799999952316284,3.799999952316284,2.0,1.9600000381469727,1.7000000476837158,1.159999966621399,1.2000000476837158,1.3899999856948853,3.3499999046325684,1.8799999952316284,1.9700000286102295,4.179999828338623
0.0,1.6399999856948853,2.069999933242798,1.9900000095367432,1.6100000143051147,5.380000114440918,1.4299999475479126,1.5099999904632568,1.7300000190734863,3.700000047683716,2.640000104904175,1.5,1.565000057220459,1.7550000548362732,1.9699999690055847,1.6550000309944153
1.0,9.720000267028809,3.9399999380111694,3.054999887943268,2.625,14.065000057220459,2.4549999237060547,4.245000064373016,7.570000052452087,2.775000035762787,1.9200000166893005,2.150000035762787,2.4700000286102295,5.3150001764297485,7.375,3.904999852180481,7.2500001192092896,7.940000057220459,6.295000076293945,2.875,7.169999957084656
1.0,1948.6399536132812,73.63000249862671,2.475000023841858,2155.455078125,3.700000047683716,8.709999799728394,1114.6099706888199,657.2999877929688,27.96000051498413,3.230000078678131,360.88998901844025,2.1399999856948853,93.84000241756439,227.32999277114868,4.424999952316284
1.0,0.699999988079071,8.979999542236328,2.569999933242798,7.769999980926514,2.5,3.259999990463257,5.340000152587891,4.300000190734863,3.450000047683716,5.28000020980835,2.9800000190734863,3.799999952316284,4.039999961853027,3.380000114440918,4.46999979019165
1.0,4.230000019073486,4.010000228881836,4.400000095367432,5.139999866485596,4.949999809265137,6.119999885559082,539.47998046875,5.929999828338623,7.019999980926514,161.839994430542,8.414999961853027,4.835000038146973,4.804999828338623,51.41000008583069,13.609999656677246
1.0,4.789999961853027,5.119999885559082,5.309999942779541,6.349999904632568,4.789999961853027,7.110000133514404,4.550000190734863,3.7200000286102295,7.920000076293945,6.230000019073486,5.784999847412109,6.069999933242798,5.139999866485596,5.375,4.2149999141693115
1.0,14.869999885559082,7.010000228881836,1.559999942779541,22.979999542236328,6.25,13.069999694824219,25.43000030517578,6.119999885559082,12.720000267028809,7.659999847412109,4.464999973773956,4.989999890327454,15.885000228881836,14.90500020980835,13.785000324249268
1.0,2.2799999713897705,2.559999942779541,1.7200000286102295,2.240000009536743,4.880000114440918,1.590000033378601,5.369999885559082,5.329999804496765,4.039999961853027,2.7899999618530273,2.475000023841858,3.8799999952316284,3.7499998807907104,4.490000009536743,2.8899999856948853
1.0,2.2300000190734863,2.640000104904175,1.4900000095367432,1.9800000190734863,2.309999942779541,7.400000095367432,2.069999933242798,2.640000104904175,3.7200000286102295,4.315000057220459,5.105000138282776,4.7200000286102295,1.8600000143051147,2.850000023841858,3.259999990463257
0.0,4.5,5.03000020980835,4.360000133514404,4.400000095367432,4.329999923706055,4.519999980926514,5.099999904632568,4.099999904632568,4.579999923706055,4.159999847412109,4.5,4.619999885559082,4.179999828338623,4.380000114440918,5.380000114440918
1.0,1.8200000524520874,1.9700000286102295,2.5299999713897705,3.119999885559082,1.7100000381469727,2.0799999237060547,2.1700000762939453,1.9299999475479126,1.690000057220459,1.5299999713897705,1.8200000524520874,2.7899999618530273,7.199999809265137,2.0399999618530273,2.900000035762787
1.0,2.2100000381469727,2.069999933242798,2.1600000858306885,1.4199999570846558,1.9449999928474426,7.6600000858306885,2.2899999618530273,2.699999988079071,2.2799999713897705,2.4950000047683716,3.4650001525878906,3.6100000143051147,2.240000009536743,4.390000104904175,3.7899999618530273
1.0,3.240000009536743,3.5199999809265137,7768.93994140625,2.049999952316284,332.0,4.889999866485596,3.0299999713897705,1.850000023841858,3.9100000858306885,47.00999927520752,1.8050000071525574,527.5350219607353,2041.5300195217133,1144.4900097846985,570.2800064086914
0.0,2.5999999046325684,2.799999952316284,3.0299999713897705,2.690000057220459,2.7300000190734863,3.549999952316284,2.549999952316284,3.059999942779541,2.6600000858306885,2.6700000762939453,3.180000066757202,3.069999933242798,2.784999966621399,2.9850000143051147,64.0150009393692
0.0,2.3499999046325684,1.7350000143051147,1.3650000095367432,1.9650000035762787,1.7400000095367432,1.6149999499320984,2.1949999928474426,1.2400000095367432,1.7450000047683716,1.9149999618530273,4.994999825954437,1.8950000405311584,1.6550000309944153,1.4050000309944153,1.4850000143051147
1.0,8.68999981880188,5.6000001430511475,6.105000019073486,7.239999949932098,12.989999771118164,7.110000133514404,10.845000267028809,26.7549991607666,3.8350000381469727,2.005000054836273,94.19000124931335,43.26750183105469,4.492500066757202,9.430000066757202,10.810000002384186
0.0,3.8299999237060547,3.1700000762939453,2.7799999713897705,3.8499999046325684,2.7300000190734863,3.180000066757202,4.550000190734863,3.9100000858306885,2.240000009536743,4.769999980926514,2.930000066757202,2.7450000047683716,4.2149999141693115,3.215000033378601,4.004999876022339
0.0,0.9300000071525574,1.4500000476837158,0.8199999928474426,1.100000023841858,0.8199999928474426,1.190000057220459,0.8299999833106995,0.8799999952316284,0.7799999713897705,0.9300000071525574,10.109999656677246,0.9900000095367432,0.9899999797344208,0.8650000095367432,2.4700000286102295
0.0,2.5999999046325684,2.299999952316284,2.259999990463257,2.4000000953674316,2.4000000953674316,2.2450000047683716,2.4499999284744263,2.200000047683716,2.549999952316284,2.2699999809265137,2.399999976158142,2.184999942779541,2.3700000047683716,1.8299999833106995,2.4950000047683716
1.0,1.559999942779541,1.8899999856948853,1.2599999904632568,1.909999966621399,1.2599999904632568,1.809999942779541,1.5499999523162842,1.4199999570846558,1.8200000524520874,2.180000066757202,2.6700000762939453,1.2699999809265137,2.3499999046325684,1.7400000095367432,2.584999918937683
1.0,50.40999984741211,35.97999954223633,2.8299999237060547,3.619999885559082,26.450000762939453,40.709999084472656,40.2599983215332,2.5399999618530273,33.060001373291016,16.719999313354492,49.0099983215332,15.140000343322754,16.969999313354492,3.740000009536743,7.389999866485596
1.0,2.0199999809265137,1.850000023841858,1.8300000429153442,2.0899999141693115,1.690000057220459,1.8700000047683716,1.8200000524520874,1.8700000047683716,1.9500000476837158,2.109999895095825,2.009999990463257,1.6699999570846558,1.6949999928474426,1.8550000190734863,1.8399999737739563
0.0,2.0999999046325684,2.4600000381469727,1.9700000286102295,1.8600000143051147,1.5700000524520874,1.9700000286102295,2.180000066757202,2.0199999809265137,1.8899999856948853,2.0199999809265137,1.899999976158142,2.25,2.415000081062317,2.0100000500679016,2.215000033378601
1.0,1.690000057220459,3.5199999809265137,2.0399999618530273,2.309999942779541,2.0199999809265137,2.5999999046325684,2.2200000286102295,1.840000033378601,1.2100000381469727,2.450000047683716,2.1500000953674316,0.9599999785423279,1.600000023841858,2.369999885559082,1.809999942779541
1.0,5.949999809265137,2739.449951171875,6.170000076293945,1785.7900390625,8.119999885559082,6.260000228881836,5.21999979019165,5.869999885559082,5.639999866485596,926.4500122070312,7.050000190734863,4.690000057220459,942.97998046875,660.8749976158142,500.2300109863281
0.0,1.6200000047683716,1.5499999523162842,1.8200000524520874,3.069999933242798,1.9800000190734863,3.0999999046325684,1.690000057220459,1.6200000047683716,2.8499999046325684,2.740000009536743,2.4600000381469727,2.180000066757202,1.9199999570846558,2.799999952316284,2.119999885559082
0.0,0.8299999833106995,0.8299999833106995,0.8299999833106995,0.5799999833106995,0.8299999833106995,0.8299999833106995,0.8299999833106995,0.8299999833106995,0.8299999833106995,0.8299999833106995,0.8299999833106995,0.8299999833106995,0.8299999833106995,0.8299999833106995,0.8299999833106995
1.0,2.819999933242798,2.2300000190734863,2.8299999237060547,2.119999885559082,2.5399999618530273,2.4000000953674316,1.6100000143051147,1.9800000190734863,2.1500000953674316,2.6600000858306885,3.799999952316284,2.2750000953674316,2.2899999618530273,2.6200000047683716,1.9399999976158142
1.0,0.8600000143051147,1.7300000190734863,2.3300000429153442,1.5799999833106995,0.7700000107288361,1.60999995470047,1.225000023841858,1.8799999952316284,3.0049999952316284,2.209999978542328,2.074999988079071,1.0299999713897705,1.3600000143051147,0.9650000333786011,1.2800000309944153
1.0,2.450000047683716,2.75,2.869999885559082,1.9700000286102295,55.7400016784668,109.80000305175781,5.090000152587891,61.84000015258789,6.079999923706055,3.0,2.9800000190734863,3.3299999237060547,23.549999713897705,92.43500339984894,109.40500116348267
0.0,1.9299999475479126,3.259999990463257,1.8300000429153442,3.2699999809265137,2.9800000190734863,2.7899999618530273,3.180000066757202,2.690000057220459,2.640000104904175,1.7899999618530273,3.1700000762939453,1.9700000286102295,1.8799999952316284,2.0199999809265137,2.375
1.0,522.9199829101562,6.75,16.049999237060547,9.930000305175781,22.65999984741211,32.959999084472656,9.859999656677246,11.529999732971191,207.77000427246094,2.940000057220459,6.409999847412109,42.345001220703125,5.180000066757202,3.880000114440918,76.49499893188477
0.0,2.109999895095825,5.440000057220459,2.4000000953674316,3.450000047683716,5.070000171661377,2.1600000858306885,3.640000104904175,3.134999990463257,2.509999990463257,2.9850000143051147,6.305000066757202,2.6649999618530273,2.575000047683716,3.350000023841858,2.899999976158142
0.0,3.309999942779541,1.649999976158142,0.5,0.9100000262260437,0.8299999833106995,1.0700000524520874,0.8299999833106995,1.649999976158142,1.2100000381469727,16.694999754428864,1.090000033378601,1.2200000286102295,1.070000022649765,1.3600000143051147,1.0150000154972076
1.0,1.6799999475479126,1.4900000095367432,1.649999976158142,1.5700000524520874,1.649999976158142,3.109999895095825,2.880000114440918,2.1500000953674316,3.930000066757202,2.069999933242798,1.6550000309944153,2.084999978542328,1.7699999809265137,1.6100000143051147,1.5300000309944153
0.0,1.8799999952316284,1.659999966621399,2.319999933242798,0.9100000262260437,1.909999966621399,1.9299999475479126,1.649999976158142,2.0199999809265137,1.8200000524520874,1.7799999713897705,2.309999942779541,2.1600000858306885,1.8899999856948853,1.8250000476837158,1.9299999475479126
0.0,8.130000114440918,12.890000343322754,14.989999771118164,7.260000228881836,15.789999961853027,12.6899995803833,7.170000076293945,8.539999961853027,8.635000228881836,14.799999713897705,10.920000076293945,11.080000400543213,11.24500036239624,10.960000038146973,11.300000190734863
1.0,6.5,107.87999725341797,14.760000228881836,6.340000152587891,88.26000213623047,5.789999961853027,12.789999961853027,5.550000190734863,56.08999991416931,26.434999465942383,84.65000081062317,6.669999837875366,13.964999914169312,49.36000180244446,6.375
1.0,2.380000114440918,1.4700000286102295,1.8899999856948853,1.9299999475479126,1.4700000286102295,1.3200000524520874,2.549999952316284,4.599999904632568,3.25,3.5399999618530273,1.7000000476837158,1.8300000429153442,1.9800000190734863,2.2949999570846558,1.6149999499320984
1.0,4.699999809265137,11.640000343322754,4.580000042915344,5.985000133514404,3.965000033378601,6.440000295639038,5.474999904632568,9.819999933242798,10.204999923706055,4.474999904632568,5.875,5.0249998569488525,9.139999866485596,4.585000038146973,9.055000066757202
0.0,2.569999933242798,2.9600000381469727,2.619999885559082,1.8300000429153442,2.5999999046325684,2.5899999141693115,2.450000047683716,2.319999933242798,2.4100000858306885,2.700000047683716,2.5999999046325684,2.630000114440918,2.3499999046325684,2.4199999570846558,2.1050000190734863
0.0,1.8799999952316284,2.1500000953674316,1.7000000476837158,4.260000228881836,3.4100000858306885,3.119999885559082,2.0799999237060547,3.5999999046325684,2.740000009536743,3.109999895095825,2.109999895095825,1.7999999523162842,3.4700000286102295,3.7899999618530273,2.5899999141693115
0.0,5.809999942779541,4.670000076293945,5.409999847412109,4.119999885559082,4.980000019073486,5.840000152587891,8.28499984741211,4.455000042915344,5.705000042915344,5.625,6.450000047683716,6.2850000858306885,7.3500001430511475,5.609999895095825,7.769999980926514
1.0,3.740000009536743,2.6500000953674316,1.8300000429153442,2.450000047683716,2.259999990463257,2.9000000953674316,2.1500000953674316,2.069999933242798,1.7899999618530273,2.049999952316284,2.809999942779541,2.1600000858306885,2.490000009536743,2.759999990463257,2.240000009536743
1.0,8.279999732971191,2.1600000858306885,1.1200000047683716,3.890000104904175,1.0399999618530273,1.059999942779541,4.789999961853027,1.1399999856948853,1.0700000524520874,7.679999828338623,0.9399999976158142,0.8299999833106995,1.2300000190734863,1.2000000476837158,1.3799999952316284
1.0,28.719999313354492,8.960000038146973,31.020000457763672,15.140000343322754,2.2300000190734863,27.299999237060547,2.859999895095825,3.9000000953674316,3.140000104904175,6.559999942779541,12.390000343322754,4.980000019073486,23.170000076293945,2.680000066757202,2.509999990463257
0.0,2.119999885559082,3.450000047683716,0.800000011920929,1.7200000286102295,0.8999999761581421,0.8999999761581421,1.7599999904632568,0.9000000059604645,0.9399999976158142,0.9649999737739563,0.75,0.9500000178813934,1.0550000071525574,0.875,0.824999988079071
1.0,3.4299999475479126,4.135000109672546,2.8249999284744263,2.6649999618530273,3.7849998474121094,3.0799999237060547,2.3100000619888306,3.6649999618530273,3.9649999141693115,3.212499976158142,5.497500002384186,2.692500025033951,2.9199999570846558,3.2825000286102295,3.73499995470047
0.0,1.6200000047683716,2.0199999809265137,0.9800000190734863,0.8199999928474426,0.8299999833106995,0.9300000071525574,2.965000092983246,1.600000023841858,1.0199999809265137,0.949999988079071,1.3700000047683716,1.1350000202655792,1.579999953508377,2.8550000190734863,2.134999990463257
0.0,1.3300000429153442,1.4600000381469727,2.0999999046325684,1.6850000023841858,1.699999988079071,1.5049999952316284,1.550000011920929,1.659999966621399,1.6500000357627869,1.6550000309944153,1.4900000095367432,1.725000023841858,1.534999966621399,1.4100000262260437,1.6449999809265137
0.0,3.140000104904175,3.640000104904175,4.380000114440918,3.309999942779541,3.059999942779541,3.799999952316284,2.809999942779541,3.2200000286102295,3.140000104904175,3.549999952316284,3.9700000286102295,3.1399999856948853,3.180000066757202,3.8000000715255737,3.880000114440918
0.0,5.0,4.245000004768372,3.6600000858306885,4.819999933242798,4.914999961853027,4.794999837875366,7.215000152587891,4.9700000286102295,3.6299999952316284,4.724999904632568,5.3450000286102295,3.9600000381469727,7.574999809265137,4.580000162124634,6.194999933242798,5.525000095367432,5.1549999713897705,6.5950000286102295,4.349999904632568,4.755000114440918,5.115000128746033,4.434999942779541,5.240000009536743,3.9800000190734863,4.450000047683716,5.055000066757202,4.209999918937683,5.525000095367432
0.0,2.4800000190734863,2.180000066757202,3.309999942779541,2.3399999141693115,2.5299999713897705,1.6399999856948853,2.0649999380111694,2.759999990463257,2.4800000190734863,2.274999976158142,2.4800000190734863,11.15499997138977,3.075000047683716,2.0549999475479126,2.89000004529953
1.0,22.219999313354492,4.96999979019165,4.010000228881836,10.039999961853027,146.2100067138672,22.309999465942383,76.10999822616577,5.860000133514404,19.114999771118164,11.770000457763672,20.14500069618225,4.235000133514404,10.670000195503235,34.660001039505005,184.54999446868896
1.0,20.90999984741211,68.94999694824219,51.7400016784668,46.029998779296875,32.310001373291016,104.51000213623047,35.540000915527344,96.81999969482422,2.640000104904175,49.83000183105469,5.320000171661377,55.15999984741211,124.16000366210938,53.16499924659729,76.66499972343445
0.0,1.9700000286102295,2.1600000858306885,2.7200000286102295,2.009999990463257,2.0799999237060547,2.119999885559082,2.3299999237060547,2.190000057220459,2.309999942779541,1.9199999570846558,2.2300000190734863,1.9299999475479126,3.325000047683716,1.9199999570846558,2.4950000047683716
0.0,1.3700000047683716,1.2100000381469727,1.2100000381469727,1.3149999976158142,1.3849999904632568,1.465000033378601,1.7099999785423279,1.2900000214576721,1.5,1.524999976158142,1.350000023841858,1.4900000095367432,1.3100000023841858,1.4249999523162842,1.5450000166893005
0.0,1.7999999523162842,1.7999999523162842,1.600000023841858,1.899999976158142,1.7999999523162842,2.190000057220459,1.75,1.850000023841858,1.5700000524520874,1.659999966621399,2.0,1.399999976158142,1.7999999523162842,1.899999976158142,1.840000033378601
0.0,7.389999866485596,1.4700000286102295,2.809999942779541,2.0999999046325684,2.4000000953674316,1.4900000095367432,1.9800000190734863,1.8200000524520874,2.549999952316284,2.2300000190734863,2.430000066757202,1.8199999928474426,2.4800000190734863,2.850000023841858,1.7400000095367432
1.0,22.540000915527344,9.880000114440918,2.6600000858306885,20.979999542236328,18.969999313354492,24.309999465942383,2.5,2.9600000381469727,10.720000267028809,3.430000066757202,3.1600000858306885,6.900000095367432,7.210000157356262,5.139999866485596,11.615000247955322
0.0,1.340000033378601,1.4500000476837158,0.8299999833106995,1.840000033378601,1.0700000524520874,0.8299999833106995,0.8299999833106995,0.8299999833106995,0.8299999833106995,0.8299999833106995,1.2399999797344208,1.26500004529953,0.9150000214576721,0.8299999833106995,0.9799999892711639
0.0,1.8300000429153442,1.7000000476837158,1.5099999904632568,1.4500000476837158,1.4600000381469727,1.6349999904632568,1.7100000381469727,1.6699999570846558,1.699999988079071,1.75,1.6899999976158142,1.6100000143051147,1.7900000214576721,1.4749999642372131,1.8849999904632568
0.0,3.069999933242798,2.9100000858306885,3.1700000762939453,3.450000047683716,3.0,3.359999895095825,2.880000114440918,3.1600000858306885,3.119999885559082,3.194999933242798,2.8850001096725464,2.9700000286102295,3.3799999952316284,3.4550000429153442,3.069999933242798
0.0,1.6449999809265137,3.1449999809265137,1.8799999952316284,1.649999976158142,1.280000001192093,4.130000054836273,1.8549999594688416,1.5049999952316284,1.0900000035762787,1.649999976158142,3.6299999952316284,1.2399999797344208,2.759999990463257,1.2949999868869781,1.3899999856948853
0.0,2.4800000190734863,3.309999942779541,3.309999942779541,2.890000104904175,3.5999999046325684,3.309999942779541,2.4800000190734863,3.119999885559082,2.4800000190734863,3.0899999141693115,2.359999895095825,3.309999942779541,3.0449999570846558,2.5700000524520874,2.934999942779541
1.0,88.5,2.4800000190734863,129.0,20.100000381469727,290.46499395370483,2.1049999594688416,77.20000004768372,4.120000004768372,10.130000352859497,22.920000314712524,2.6799999475479126,3.2149999141693115,20.050000190734863,2.009999990463257,55.49000000953674
1.0,4.880000114440918,2.880000114440918,2.2300000190734863,5.96999979019165,3.2200000286102295,2.549999952316284,1.7200000286102295,1.6399999856948853,1.7899999618530273,2.299999952316284,2.359999895095825,2.009999990463257,3.890000104904175,2.509999990463257,1.559999942779541
1.0,22.0,11.220000267028809,38.77000045776367,15.819999694824219,134.0,271.70001220703125,4.599999904632568,640.8800048828125,102.18500065803528,222.64999389648438,313.7149963378906,176.30000591278076,30.424999237060547,17.5,319.6549987792969
0.0,1.6299999952316284,1.2599999904632568,1.1699999570846558,2.140000104904175,1.0800000429153442,1.4299999475479126,1.2300000190734863,1.5700000524520874,1.9700000286102295,1.7799999713897705,1.1299999952316284,1.5499999523162842,1.440000057220459,1.2599999904632568,1.1949999928474426
0.0,10.119999885559082,1.9549999833106995,1.0949999690055847,3.5899999141693115,1.0149999856948853,15.755000114440918,1.9749999940395355,27.614999771118164,1.2599999904632568,5.3400000631809235,27.980000495910645,10.524999856948853,65.21999835968018,7.669999837875366,6.324999988079071,8.680000126361847,39.63999962806702,8.865000009536743,3.425000011920929,9.255000352859497
1.0,2.890000104904175,3.059999942779541,3.4700000286102295,2.9800000190734863,3.7200000286102295,4.789999961853027,3.7200000286102295,3.4700000286102295,6.170000076293945,3.2699999809265137,2.9800000190734863,3.665000081062317,4.959999918937683,2.975000023841858,3.3949999809265137
1.0,5.079999923706055,6.360000133514404,4.059999942779541,8.579999923706055,15.850000381469727,5.769999980926514,6.300000190734863,16.530000686645508,5.409999847412109,6.049999952316284,4.379999876022339,5.434999942779541,5.93999981880188,5.200000047683716,3.8249999284744263
0.0,1.7999999523162842,1.7300000190734863,0.8999999761581421,1.3600000143051147,1.2599999904632568,1.309999942779541,2.490000009536743,1.309999942779541,1.5799999833106995,1.6399999856948853,2.3850000500679016,1.675000011920929,1.425000011920929,1.5600000023841858,1.7050000429153442
1.0,5.909999847412109,2.7699999809265137,9.729999542236328,4.090000152587891,5.510000228881836,8.399999618530273,4.079999923706055,4.599999904632568,3.4800000190734863,3.3700000047683716,2.690000057220459,3.335000157356262,3.2300000190734863,3.3899999856948853,5.764999866485596
1.0,2.069999933242798,2.569999933242798,1.4500000476837158,3.450000047683716,2.0,2.5,3.059999942779541,4.730000019073486,2.2300000190734863,1.0399999618530273,2.8499999046325684,20.690000534057617,2.5299999713897705,13.894999980926514,2.4199999570846558
1.0,16.989999771118164,3.6700000762939453,3.609999895095825,2.359999895095825,2.6600000858306885,3.5799999237060547,31.8799991607666,5.210000038146973,2.009999990463257,3.7300000190734863,27.690000534057617,13.489999771118164,3.7050000429153442,7.5599998235702515,4.190000057220459
1.0,27.049999237060547,6.019999980926514,105.6500015258789,6.449999809265137,39.36000061035156,8.479999542236328,8.470000267028809,19.899999618530273,4.679999828338623,8.539999961853027,34.5,72.6500015258789,5.179999828338623,50.779998779296875,36.105000495910645
1.0,9.46500015258789,77.28000164031982,36.364999771118164,28.11500072479248,4.7850000858306885,15.480000019073486,4.290000081062317,417.16501224040985,18.265000700950623,31.994999885559082,15.265000343322754,134.09250211715698,15.057499945163727,9.245000004768372,15.495000183582306
1.0,1.659999966621399,1.9700000286102295,1.4500000476837158,2.9800000190734863,1.75,1.8200000524520874,2.4600000381469727,2.1500000953674316,1.9899999499320984,2.25,2.299999952316284,1.8399999737739563,2.6549999713897705,3.040000081062317,2.034999966621399
1.0,3.549999952316284,2.069999933242798,2.549999952316284,2.359999895095825,2.0999999046325684,1.7699999809265137,3.059999942779541,4.400000095367432,2.180000066757202,4.449999809265137,2.8399999141693115,2.640000104904175,2.930000066757202,2.200000047683716,4.440000057220459
1.0,77.0999984741211,88.69999694824219,83.5,64.80000305175781,94.5999984741211,78.6500015258789,73.80000305175781,123.69999694824219,83.9000015258789,81.5999984741211,74.80000305175781,41.70000076293945,89.1500015258789,102.30000305175781,126.79999923706055
1.0,2.549999952316284,1.3200000524520874,2.380000114440918,1.909999966621399,2.950000047683716,2.069999933242798,2.5799999237060547,1.8799999952316284,1.9699999690055847,2.425000011920929,8.015000104904175,2.025000035762787,4.830000042915344,1.98499995470047,12.169999718666077
0.0,13.260000228881836,6.199999809265137,3.799999952316284,4.239999771118164,6.079999923706055,7.360000133514404,1.6399999856948853,6.260000228881836,9.789999961853027,7.380000114440918,7.079999923706055,9.144999980926514,8.209999799728394,5.085000038146973,6.894999980926514
0.0,2.200000047683716,1.899999976158142,1.9500000476837158,2.299999952316284,1.89000004529953,2.299999952316284,1.9399999380111694,1.8100000023841858,2.1999999284744263,2.259999990463257,2.199999988079071,2.1999999284744263,1.9499999284744263,2.350000023841858,2.065000057220459
0.0,2.690000057220459,3.299999952316284,3.1600000858306885,3.25,2.7799999713897705,2.740000009536743,2.990000009536743,2.9200000762939453,2.690000057220459,2.950000047683716,3.5899999141693115,3.069999933242798,2.990000009536743,3.1600000858306885,3.3049999475479126
1.0,2.4800000190734863,2.4800000190734863,3.309999942779541,2.4800000190734863,3.309999942779541,2.8949999809265137,2.4800000190734863,3.799999952316284,3.309999942779541,5.319999933242798,3.2149999141693115,3.715000033378601,7.304999828338623,6.440000057220459,8.304999828338623
1.0,4.389999866485596,1.7899999618530273,2.3299999237060547,2.5299999713897705,2.509999990463257,2.3299999237060547,2.359999895095825,2.3299999237060547,2.2799999713897705,2.5,2.309999942779541,1.5,2.5899999141693115,1.5,7.360000133514404
0.0,2.0,1.940000057220459,1.8899999856948853,1.8899999856948853,1.894999921321869,1.7099999785423279,1.5,2.0749999284744263,2.2450000047683716,1.949999988079071,1.3450000286102295,1.659999966621399,1.73499995470047,1.4449999928474426,2.225000023841858
0.0,3.140000104904175,2.25,2.359999895095825,2.5899999141693115,3.240000009536743,2.5,3.069999933242798,2.640000104904175,2.2899999618530273,2.690000057220459,2.759999990463257,2.7300000190734863,2.5,2.549999952316284,2.740000009536743
0.0,1.5499999523162842,1.909999966621399,1.8700000047683716,1.2599999904632568,27.790000915527344,1.440000057220459,1.9900000095367432,1.8200000524520874,1.2200000286102295,1.659999966621399,2.109999895095825,1.2999999523162842,1.7799999713897705,1.590000033378601,1.4600000381469727
0.0,4.739999771118164,3.4100000858306885,3.0899999141693115,4.829999923706055,4.420000076293945,6.96999979019165,3.5399999618530273,108.97000122070312,6.210000038146973,3.9700000286102295,16.1200008392334,6.170000076293945,7.519999980926514,4.525000095367432,5.209999918937683
0.0,2.4800000190734863,6.610000133514404,5.789999961853027,4.130000114440918,2.0199999809265137,3.309999942779541,1.9299999475479126,1.649999976158142,2.4800000190734863,3.309999942779541,1.6399999856948853,1.7799999713897705,2.4800000190734863,2.130000114440918,1.625
0.0,2.2100000381469727,1.649999976158142,1.649999976158142,2.3299999237060547,1.9600000381469727,2.1600000858306885,2.4800000190734863,2.4800000190734863,1.9500000476837158,2.4800000190734863,2.1700000762939453,4.940000057220459,2.5199999809265137,3.9000000953674316,1.9350000023841858
1.0,4.28000020980835,3.8499999046325684,3.759999990463257,3.5,4.400000095367432,4.5,3.4600000381469727,3.700000047683716,3.9000000953674316,3.700000047683716,4.079999923706055,4.199999809265137,3.9000000953674316,4.300000190734863,4.130000114440918
0.0,0.800000011920929,2.759999990463257,0.8299999833106995,0.5,0.4000000059604645,0.75,0.75,2.2899999618530273,0.6000000238418579,0.7999999821186066,0.7750000059604645,1.0649999976158142,0.7249999940395355,0.550000011920929,1.1100000143051147
1.0,3.3049999475479126,3.7950000762939453,3.090000033378601,2.949999988079071,2.5500000715255737,4.515000104904175,1.9049999713897705,3.0299999713897705,4.395000100135803,2.9199999570846558,4.764999985694885,5.2850000858306885,5.090000152587891,3.46999990940094,4.045000076293945
1.0,5.570000171661377,3.5299999713897705,3.5899999141693115,2.799999952316284,2.7899999618530273,4.360000133514404,3.700000047683716,2.640000104904175,1.9900000095367432,4.460000038146973,2.259999990463257,2.6600000858306885,2.8299999237060547,2.5999999046325684,2.5049999952316284
0.0,3.630000114440918,4.420000076293945,3.990000009536743,73.93000030517578,2.690000057220459,4.170000076293945,17.219999313354492,3.299999952316284,4.019999980926514,3.1500000953674316,2.5999999046325684,2.390000104904175,217.1199951171875,2.930000066757202,2.9700000286102295
0.0,1.6699999570846558,1.399999976158142,1.399999976158142,1.649999976158142,2.8499999046325684,1.7400000095367432,1.649999976158142,1.399999976158142,2.069999933242798,1.8200000524520874,2.9800000190734863,1.3200000524520874,3.059999942779541,1.3200000524520874,1.9350000023841858
1.0,2.2250000834465027,2.4350000619888306,2.375,2.0200000405311584,2.2649999856948853,2.5950000286102295,2.2549999952316284,1.675000011920929,2.75,2.625,2.5199999809265137,2.684999942779541,2.274999976158142,2.8550000190734863,2.439999997615814
0.0,6.559999942779541,7.099999904632568,5.019999980926514,6.730000019073486,5.369999885559082,7.230000019073486,5.610000133514404,7.329999923706055,6.139999866485596,6.53000020980835,6.78000020980835,8.050000190734863,8.539999961853027,7.650000095367432,7.599999904632568
0.0,1.8799999952316284,1.6399999856948853,2.009999990463257,1.8300000429153442,1.899999976158142,2.0350000858306885,1.9150000214576721,2.1649999618530273,1.9749999642372131,2.1750000715255737,1.7899999618530273,1.8949999809265137,1.850000023841858,1.9050000309944153,2.1449999809265137
0.0,9.9399995803833,1.8200000524520874,1.3200000524520874,1.4900000095367432,1.3600000143051147,1.7400000095367432,5.239999771118164,1.590000033378601,1.5700000524520874,2.640000104904175,1.899999976158142,1.9800000190734863,1.7400000095367432,5.53000020980835,1.899999976158142
