2.107438065 2.404958733 2.107438065 2.194214927 1.388429784 2.06611575 1.512396729 1.90082649 1.90082649 2.371900881 3.289256274 1.231404987 2.06611575 3.63636372 4.46281002\n32.95 36.05 40.05 39.15 22 35.8 58 38 38.2 31 42 45 42.2 31.7 57.2
4.714917464 6.623967094 4.855372013 5.020661273 5.190082764 5.847107573 10.05785147 6.495867918 4.917355485 4.26628109 8.570248131 5.340826569 3.944132322 3.695785209 7.462810089\n25 21.5 24.5 24.5 18.5 20 27 21 21 24 23 30 28 31 20
3.648760415 4.239669519 3.433884377 4.404958779 7.371900996 4.917355485 4.033057944 3.834710832 4.413223242 4.115702574 4.685950521 3.859504221 3.561983553 3.099173625 3.694214961\n34.5 37 32.5 35 27 36 56 51 48 80 66 24 30 70 27
1.942148805 1.81818186 2.14876038 1.81818186 1.942148805 2.520661215 2.504132289 2.136363686 2.322314103 2.000000046 2.280991788 1.90082649 2.115702528 2.107438065 2.56198353\n30.5 33.1 39.5 29.5 29 40 72 58.5 48 43 70 40 52 62 47
1.805 1.775 1.86 1.72 2.47 1.675 1.62 1.7 1.4 1.41 1.6 1.77 1.5 1.64 1.7\n18.5 17.5 17.5 18.5 13 14.5 27 21 21 17 23 21 13 21 20
2.450413279 2.115702528 1.966942194 2.355371955 2.190082695 2.318181872 4.541322419 1.971074426 2.086776908 1.921487648 2.235537242 2.06611575 2.39669427 2.123966991 2.31404964\n22 19 17 19 18 17 36.5 30 21 25.55 38.5 14 19.2 34 16
4.917355485 2.735537253 2.276859557 1.648760368 3.615702563 3.995867861 1.528925655 3.004132301 2.020661204 15.57851276 2.31404964 14.48760364 1.776859545 5.657024924 12.73966971\n40 34.45 26.5 23.5 29.5 59.5 25.5 41 31 32 35 39.85 24.5 45 34.95
4.239669519 4.842975318 5.256198468 4.136363731 4.727272836 4.871900939 4.892562096 5.946281129 4.520661261 4.198347204 5.628099303 4.396694316 4.900826559 4.487603409 4.942148874\n15.15 15.1 19.5 13.25 12.95 13 21.85 27 14.95 13.45 17 15.4 14.7 11.8 17.5
1.515 1.335 1.62 1.55 1.5 1.355 1.515 1.635 1.715 1.39 1.5 1.7 1.44 1.04 1.45\n26.5 26 24 20.5 22.5 28 42.5 37.5 34.5 19.5 32 28 22 44 45
11.65289283 8.34710763 13.47107469 11.15702505 9.17355393 11.5702482 3.38842983 12.97520691 10.66115727 5.28925632 9.17355393 11.5702482 6.94214892 13.47107469 11.23966968\n25 26 30 28 25 23 26 34 27 22 23 43 31 48 25
8.34710763 10.16528949 5.20661169 5.45454558 5.28925632 9.66942171 5.7851241 9.83471097 12.47933913 6.52892577 6.6115704 5.20661169 5.45454558 6.03305799 7.60330596\n56.5 60.5 53 53 34 60 49 71 56 40 47 111 48 56 61
2.570247993 2.714876096 2.359504187 4.1322315 2.392562039 2.607438077 2.4793389 2.89256205 2.72727279 2.89256205 3.619834794 2.595041382 3.96694224 2.842975272 3.3057852\n50.5 44.5 25.5 51 35 35.5 28 38.5 32.5 28.5 43.5 41 105.5 46 29
3.38842983 4.54545465 4.421487705 3.925619925 3.63636372 3.05785131 4.29752076 3.3057852 3.96694224 4.71074391 5.45454558 2.4793389 4.1322315 2.4793389 3.05785131\n14 17 21.5 19 14 17 15 17 13 20 23 18 13 9 17
1.97 2.16 2.205 2.11 1.95 2.26 2.195 2.005 2.175 2.655 3.265 1.9 4.6 2.2 2.96\n18.35 20.85 25.95 17.6 21.15 31.1 18.95 22.95 20.6 18.05 22.55 21.5 77 18 34
1.54132235 1.657024832 1.6528926 1.466942183 1.73553723 1.81818186 1.90082649 1.719008304 1.347107469 1.98347112 1.6528926 1.90082649 1.6528926 1.81818186 1.619834748\n38.5 29.8 47.25 41.6 31 45.4 31.5 30 32.5 37.1 37.1 45.1 47.3 36 52.9
5.34297533 3.123967014 2.623967003 4.206611667 3.859504221 7.198347273 4.760330688 4.685950521 14.89256233 3.347107515 3.090909162 5.090909208 9.966942378 2.512396752 3.280991811\n32 22 26 22.5 26 33 32 28 49 24 23 25 61 21 22