5.157024912 6.301653037 6.702479493 5.561983599 6.814049744 5.545454673 5.487603432 8.041322499 6.066115842 8.074380351 7.719008442 5.884297656 6.834710901 7.223140662 4.859504244\n17.5 40 28.5 34 25 17 24 27 15 37 18 20 21 53 46
4.845826558 4.247933982 6.193264605 8.738801854 5.264462931 3.88429761 4.256198445 1.421487636 3.611570331 8.8631407 7.468099345 10.57024818 4.932314163 2.586776919 7.240082811\n14.5 16.5 15.5 26.5 23 15 13 36 15 16 16 29 18 37 17
34.99173634 6.690082799 9.929752295 2.239669473 4.206611667 2.570247993 2.599173613 4.702479447 2.789256262 20.25206658 4.202479436 27.88429816 2.752066179 2.545454604 3.22314057\n20.5 25 21.5 28 17.5 25 30 18 25 17.5 23.5 19 25 24 26
2.227272779 1.88119839 13.63223172 12.33223169 30.5620255 24.36776916 3.724504218 2.719008327 3.429752145 31.2479346 2.057851287 2.380743856 2.26603311 1.6675207 1.632809955\n34.5 27 22.5 33 31.5 14.5 18 35 34 29 30 25 18 16 19
2.7 2.015 2.415 2.29 2.325 2 2.4 1.86 2.06 3.68 2.1 2.21 3.1 1.82 2.8\n24.5 21 21 21.5 27 16 18 25 21 29 23 19 29 18 27
2.239669473 2.438016585 2.454545511 2.144628149 2.652892623 1.925619879 2.157024843 1.884297564 2.074380213 2.380165344 1.826446323 2.446281048 2.280991788 2.132231454 2.06611575\n22.5 18.5 22 19 19.5 21 21.5 19 19 16 22 44 22 21 33
2.280991788 2.495867826 3.342975284 2.297520714 2.851239735 2.549586836 2.53305791 2.780991799 4.1322315 2.541322373 2.89256205 3.148760403 3.3057852 2.909090976 2.355371955\n64.5 23.5 26 23 26.8 23.5 27 22.5 35.5 25 32 27 24 23 24.2
1.469008298 1.694214915 1.578512433 1.287190112 1.520661192 1.227272756 1.280991765 2.747933948 2.933884365 1.028925644 2.074380213 1.028925632 1.359504164 0.964049609 1.280991765\n27.85 32.125 29.45 26.25 35.5 16 19.95 45.5 51 28 50 24 35 23.5 18
6.880165448 5.165289375 7.4380167 7.02479355 4.71074391 9.9173556 4.29752076 5.231405079 9.42148782 9.00826467 5.37190095 9.049586985 6.19834725 3.3057852 3.63636372\n39.5 32 26 39.5 31 48 27 33 37.2 40.9 32 52 30 30 32
5.743801785 3.760330665 3.3057852 4.173553815 5.194214996 3.099173625 1.776859545 6.6115704 2.64462816 21.90082695 3.63636372 4.54545465 3.88429761 2.80991742 35.5371909\n48.5 37.5 43.5 54.5 47.5 47 40.5 52.5 43 34 36 43 42 28 37
9.380165505 18.59504175 2.06611575 14.77685984 2.024793435 1.98347112 9.83471097 4.71074391 6.69421503 34.38016608 2.39669427 4.1322315 6.561983622 5.7851241 1.98347112\n36.5 37 38 42.5 34.5 26 33 55 43 38 48 33 41 46 32
6.735537345 8.384297714 4.883512509 4.231405056 3.448595121 4.191239766 7.570248108 4.87603317 4.404958779 10.43801677 8.157024981 5.652892692 4.848843087 4.123967037 5.900826582\n42.5 44 35.5 40 30 30 44 21 36 45 50 50 27 34 43
1.904958722 2.047520708 2.183884348 2.361570302 1.66735541 2.144628149 2.142562033 2.326446335 2.454545511 1.933884342 1.677685989 2.227272778 2.363636418 1.202479367 2.342975261\n24.5 22.5 23 20.925 24.925 25.1 19.275 22 29.5 22.5 23 22.5 36 23.5 25.5
12.58471103 2.667355433 2.491735594 2.772727337 3.599173637 5.115702597 2.500000058 8.140496055 24.4132237 3.330578589 4.119834806 40.61157118 2.53305791 2.991735606 1.975206657\n63.75 44.25 50.75 39.5 51.5 50.5 51 89 54 56 51 64 57.5 55 49
6.371900973 3.239669496 8.18181837 3.96694224 2.714876096 4.157024889 5.776859637 4.54545465 2.962809986 3.975206703 3.818181906 2.818181883 5.61983484 3.297520737 2.64462816\n24 22.5 31 20 19.5 18 24 29 27.5 21.5 21 19 28 25 20
1.68181822 2.033057898 2.061983519 1.913223185 1.81818186 2.206611621 1.57024797 2.157024843 1.694214915 1.32231408 1.793388471 1.867768638 2.033057898 1.685950452 1.40495871\n28 35.5 32.5 31.5 31 29 30 34 46 46 33 39 133 35 33