1.607438054 1.81818186 1.768595082 1.855371944 3.347107515 43.85124068 158.471078 1.830578555 1.615702517 3.80165298 897.5206818 1.57024797 2.31404964 1.867768638 1.578512433\n28 27.5 22 24.5 37.5 25 26.5 27 29 29 35 25 29 33 34
1.227272756 15.78512433 1.392562015 58.71074515 34.96281072 80.466944 16.7644632 22.35537242 19.545455 24.98347165 1.48760334 1.198347135 1.231404987 27.76859568 1.743801693\n27 22 23.5 17.5 19.5 18 22 27 24 22 36 20 29 21 31
11.2888639 15.166302 11.59814076 17.69008305 15.77685987 14.22727305 10.14814073 64.30165437 28.27272792 9.852272954 17.11157064 12.21487631 12.68595071 10.87822339 13.5909094\n25 27.25 24.5 31.5 24 28 27 41.5 63 19 31 21.5 21 23.5 30
35.87603388 401.5330671 6.760330734 61.52892704 189.2603349 1.152892588 1.057851264 323.3553793 0.851239689 0.971074403 5.636363766 2.239669473 0.925619856 0.942148782 0.760330596\n41.5 42 45.5 40.5 43.5 36 37 61 24.5 40.5 37 59 24 22 22
134.462813 118.3884325 91.69421699 150.4132266 132.231408 95.0413245 126.4462839 135.7024825 102.4793412 161.9834748 99.66942378 110.7438042 86.7768615 81.23967129 138.6776891\n15.5 14 15 24 16 20.5 21.5 16 12 25 12 16 12 11 16
2.169421538 1.904958722 1.855371943 2.421487659 2.227272778 2.14876038 1.909090953 515.3719127 1.966942194 1.884297564 1.966942194 1.867768638 1.768595082 2.140495917 1.909090953\n38.85 37.65 52.2 41.6 60.35 41.9 41 425 61.5 44.3 46.2 34.4 24 45.8 66.7
8.140496055 14.08264495 7.07851256 7.359504301 168.8347146 7.578512571 7.60330596 7.809917535 216.3347157 7.85123985 311.5165361 7.053719171 7.479339015 7.68595059 378.2644715\n12.5 21 20 19.5 43.5 15 17 17 360 17 111 19.5 18.5 14.15 97
5.887603441 6.188264605 6.229008408 5.723471206 7.247934051 19.42975251 9.694215099 5.715041454 5.826446415 4.834710855 294.2066183 5.12396706 5.504132358 97.94215101 6.983471235\n20.5 17 14 17 42 33 267 21 21 15 474 13 18 17 25
3.02892569 9.026859712 40.7975216 2.394628154 39.144629 1.318181849 92.54132444 11.23966968 1.731404999 81.22314236 1.29338846 1.264462839 31.28925692 1.169421515 14.64876067\n21.25 24.75 20.75 23.5 37 23.5 24.5 20 18.5 20 22.5 23.5 17.5 14 28.5
2.101694263 2.132231454 82.28219198 2.776859568 1.995867815 4.165289352 30.23140565 97.92562209 2.512396752 2.221570299 2.033057898 2.169421538 2.39669427 2.132231454 1.876033101\n19.5 18.5 19.5 22 18 23 16 16 24 19 16 20 25 14 13
2.7 2.2 2.2 2.09 1.855 2.3 3.2 96.2 2.18 2.04 1.8 6.3 2.21 2.1 2.6\n21 13 14 13 14.5 12 20 58 16 13 14 21 18 18 12
2.39669427 1.727272767 2.14876038 1.81818186 463.2231512 2.97520668 43.55372001 1.73553723 1.98347112 3.47107446 1.98347112 1.768595082 1.90082649 2.56198353 2.06611575\n30 19 37 39 221 46.1 52 26 36 33 25 21 17 32 27
2.520661215 5.12396706 3.96694224 3.14049594 4.79338854 3.71900835 10.41322338 2.694214938 3.22314057 2.72727279 3.38842983 60.3305799 2.72727279 3.3057852 2.89256205\n22 20.9 23 23 19 18 41.8 23 26 19 21 387.7 29 21 31
1.123966968 1.115702505 1.702479378 496.2355486 331.685958 1.413223173 2.107438065 228.566121 1.3512397 1.429752099 0.942562005 233.760336 0.90909093 1.661157063 1.15702482\n33.85 30.6 35.25 37.5 38 42.45 34.6 39.5 31 29.35 37.5 36.7 18.8 24 23
119.9380193 2.045454593 1.595041359 1.661157063 65.50000151 1.380165321 1.553719044 1.330578543 1.495867803 1.380165321 39.15702569 1.760330619 1.619834748 1.677685989 1.462809951\n16.5 16.5 22.5 29.5 12.5 17 15 14 15 19 22 8 15 18 19
1.388429784 1.32231408 1.363636395 154.132235 1.289256228 1.495867803 32.7685958 1.446281025 1.305785154 1.355371932 1.363636395 1.392562016 1.351239701 1.326446312 1.524793424\n26.5 27.5 27.5 20.5 19 39.5 22.5 25.5 15.5 36.5 32.5 37 32 35.5 41