1.072024818 1.578512433 1.409586809 1.190082672 1.809917397 1.619834748 1.066115727 1.107438042 1.324297551 1.363636395 1.371900858 2.818181883 3.900826536 1.768595082 1.049586801\n21.5 23 39.5 20 23.5 21 15 25 22 24 46 108 35 23 22
2.169421538 2.968223209 2.433884354 1.979338889 2.008264509 2.132231454 2.520661215 2.210743853 2.247933936 2.041322361 2.095413271 2.293388483 2.185950463 1.764462851 1.867768638\n25 52 22 22 20.5 18.5 24 24 22 23 19.5 27 20.5 25.5 24
140.3719041 27.89256263 15.33057887 2.64462816 12.31404987 3.22314057 295.0413291 2.14876038 2.56198353 2.4793389 3.570248016 85.9504152 195.8677731 2.23140501 3.47107446\n17 19 33 23 20 29 20 16 23 25 28 846 22 23 36
35.04132312 1.309917386 26.18595102 28.42975272 74.46281163 47.27272836 68.34710901 1.347107469 56.94215007 1.347107469 1.388429784 51.65289375 1.107438042 1.355371932 54.79338969\n29 35 48.5 25 264 27 51 32 77 33 44 38 35 25 30
1.582644665 1.429752099 3.318181895 1.975206657 12.00000028 1.669421526 6.272727417 1.40495871 1.256198376 1.23966945 1.595041359 1.388429784 8.818182021 1.495867803 1.396694247\n18 14.5 61.5 59.5 252 17 175 18 17 9 20 56 175 18 40
6.44628114 1.842975249 2.979338912 2.719008327 4.574380271 1.747933925 3.206611644 3.876033147 2.334628153 4.173553815 1.801652934 1.768595082 2.605289316 1.793388471 2.628099234\n38.5 23 42 27 33 20 41 42.5 34.5 41 24 18 49 23 31
3.595041405 3.264462885 1.73553723 4.04958687 7.19008281 1.07438019 10.33057875 2.72727279 286.7768661 159.5041359 3.22314057 383.4710832 2.14876038 3.05785131 1.40495871\n29.5 33.5 46 44 34 26 48 75 937 53 37 283 59 34 32
1.515 5.775 2.615 1.45 4.94 2.88 2.465 4.82 4.365 2.79 3.8 3.88 4.04 3.38 4.47\n19 59.5 17.5 52.5 28.5 14.5 17.5 30.5 28 18 27 23 21 19 23
1.613636401 1.169421515 1.314049617 1.082644653 1.40495871 0.975206634 1.033057875 1.367768627 1.23966945 1.198347135 0.989256221 1.272727302 1.23966945 1.23966945 1.15702482\n25 14 17.5 20 16.5 18 14.5 18.65 19.5 19.5 18 20 19 18.5 15
3.347107515 3.760330665 3.677686035 3.264462885 3.55371909 3.63636372 2.97520668 3.80165298 3.96694224 3.297520737 4.21487613 3.22314057 3.710743887 3.55371909 3.22314057\n19.6 55 31.5 28.5 25 21 24.2 41 24 27 23 33 32 30 67
2.070247982 2.099173602 2.369834765 1.966942194 1.611570285 8.396694408 3.780991823 2.252066167 2.214876084 4.62809928 2.020661204 1.98347112 2.107438065 2.256198399 22.3140501\n70.75 24.5 22 25 45 28 19 21.5 24 27 17.5 17.5 24.5 19.5 27
3.165289329 5.247934005 3.586776942 3.446281071 2.636363697 3.421487682 2.942148828 3.173553792 4.727272836 4.851239781 2.173553769 2.80991742 3.438016608 3.876033147 3.520661238\n37.95 76.85 60.1 20.5 42 68.3 10.6 96.2 67.9 49.2 16.2 12.3 19.8 46.7 60.6
11.62809944 5.049586893 5.520661284 5.570248062 6.057851379 5.438016654 5.909091045 5.760330711 6.636363789 17.8016533 5.380165413 4.677686058 5.578512525 6.016529064 4.925619948\n87 33 31 42 55 42 49 56 50 60 44 35 45 51 43
1.346694236 1.35 0.9 5.6 1.629338865 1.611570285 1.6 1.9 1 1.1 2.190082695 1.2 1.5 8.2 1.6\n16 18.5 16.5 114 13 30 21 15 17 19 24 15 14 67 20
4.429752168 5.966942286 5.413223265 4.107438111 6.223140639 6.024793527 5.553719136 3.876033147 10.68595066 5.495867895 4.719008373 3.661157109 4.016529018 6.256198491 5.876033193\n26 13 34 9 10 11 9 11 12 11 11 40 10 16 11
6.487603455 14.95867803 11.11570274 6.19834725 6.11570262 9.0909093 17.43801693 23.9669427 5.53719021 17.3553723 13.2231408 11.5702482 7.19008281 7.27272744 40.4958687\n10 21.7 20.05 10 11 20.9 36.5 12 13 14 14 17 11 11 102