1.88636368 4.884297633 2.745867832 2.316115756 2.923553786 4.066115796 2.198347158 3.157024866 2.309917409 6.6115704 2.471074437 1.913223185 1.710743841 10.49586801 1.842975249\n19.5 20.5 23 20 22.5 20.5 20.5 21 23.5 17 20.5 22 23 15 22
1.533057887 1.842975249 2.000000046 1.752066156 2.900826513 2.380165344 4.371900927 1.867768638 3.107438088 2.421487659 1.446281025 2.082644676 5.677686081 3.479338923 2.628099234\n18.5 16 20 19 21 27 39 18 18 18 25 16 33 15 29
4.497933988 3.196281065 4.969008379 3.3057852 3.204545528 4.706611679 4.173553815 4.644628206 4.1322315 3.971074471 5.285124089 5.090909208 3.466942229 3.702479424 4.384297622\n39.5 35.5 37.25 40 32 37 31 35 38 30 37.5 34 35 42.5 41
2.592747994 2.891962876 2.898760397 3.239669496 2.425619891 2.966528994 2.483471132 3.204504206 3.082644699 2.89256205 2.622190143 2.685950475 2.338843029 2.676074442 2.776859568\n16 17.25 28.75 17.75 16 26 15.5 14.5 16.5 16.5 16 17.5 17.5 16 14
1.801652934 2.041322361 2.061983519 35.82644711 2.760330642 29.63636432 3.88429761 61.76859646 1.81818186 37.28925706 3.979338935 2.570247993 81.90909279 3.735537276 2.06611575\n37.05 38.95 46.2 33.4 50 44.85 41 55.5 37 67.45 61 49 63 82 39
1.111570274 1.743801693 1.359504164 1.549586813 12.10330606 8.107438203 1.140495894 1.256198376 1.330578543 1.165289283 6.454545603 1.396694247 21.84297571 6.380165436 1.297520691\n23.5 40.5 30 38 28 39 20 30 15 20 59 32 19 21 29
2.566115762 3.338843052 4.9586778 3.88429761 5.190082764 5.570248062 3.47107446 2.4793389 3.71900835 5.61983484 3.55371909 3.05785131 4.867768707 4.264462908 4.29752076\n47 40.5 40 62 34 38 76 30 50 41 57 40 45 38 46
2.46966945 1.9764463 2.465 2.05 2.08 2.025 2.19702482 2.02 2.21438019 1.7964463 2.62466945 2.000413245 1.775 2.53966945 2.235\n28 21.5 30.5 29.5 29 23.5 31.5 40 22.5 21.5 23 30.5 29 31 29
6.44628114 1.842975249 2.979338912 2.719008327 4.574380271 1.747933925 3.206611644 3.876033147 2.334628153 4.173553815 1.801652934 1.768595082 2.605289316 1.793388471 2.628099234\n38.5 23 42 27 33 20 41 42.5 34.5 41 24 18 49 23 31
6.369834857 5.247934005 7.119834875 4.851239781 4.652892669 6.342975353 6.52892577 5.86776873 6.041322453 5.330578635 3.429752145 8.301653084 6.590909243 5.12396706 4.04958687\n36 31.25 32.5 42.5 24.5 36 37.2 78.3 33.5 55.5 30.15 41 40.05 25.5 30
3.898843065 2.616735597 3.702479424 3.507603386 3.792479426 3.870082734 3.793388517 4.537190187 2.105867817 2.134876082 4.38016539 3.842975295 4.033057944 3.392396772 12.30578541\n33 20 32.5 18.5 24.5 37 32 25 19 30 52 36 30 24 44
5.157024912 6.301653037 6.702479493 5.561983599 6.814049744 5.545454673 5.487603432 8.041322499 6.066115842 8.074380351 7.719008442 5.884297656 6.834710901 7.223140662 4.859504244\n17.5 40 28.5 34 25 17 24 27 15 37 18 20 21 53 46
3.971074471 3.086776931 3.045454616 3.314049663 3.462809997 3.520661238 4.239669519 6.380165436 3.396694293 3.132231477 3.330578589 3.669421572 2.322314103 2.338843029 3.47107446\n41.5 42 41 44 40 44 35 62 32 50 35 41 53 47 33
1.442148794 1.468553753 1.658843013 2.995867838 1.885371944 1.578512433 2.681818244 1.602768632 2.36776865 1.683429791 1.29338846 1.342975238 1.719008304 1.429752099 1.548925655\n27.5 28.5 30.5 33 28 31 36.5 26 31.5 26.5 25 26.5 28.5 28 35
6.400826594 2.4793389 2.97520668 3.3057852 2.06611575 2.23140501 1.90082649 50.9504144 3.371900904 2.39669427 1.98347112 4.46281002 4.586776965 2.56198353 2.56198353\n31.95 39.2 32.1 31 43 34 36 64 24 32.4 31 31 28 32 36
6.078512537 4.347107538 3.02892569 2.904958745 3.020661227 2.723140559 3.103305857 2.268595094 4.566115808 1.9545455 3.19421495 2.524793447 2.289256251 4.057851333 7.148760495\n20 19.5 21.5 18.5 19 19 17.5 17 22.5 19.5 21.5 16.5 19 20 24