1.702479378 1.561983507 1.793388471 3.066115773 1.702479378 1.57024797 2.338843029 1.98347112 1.578512433 1.578512433 2.39669427 1.884297564 1.958677731 1.98347112 123.1404987\n26 19 34 26 28 25 28 15 18 18 19 26 19 41 200
2 1.66 2.05 1.55 1.82 2.8 2.1 2 2 2.1 2.9 2.1 1.54 1.66 1.84\n129.5 25.5 29.5 25 26 194 25 30 34 33 52 22 30 27 28
2.152892612 2.14876038 1.933884342 2.074380213 1.962809963 2.326446335 2.074380213 2.549586835 2.198347158 2.033057898 2.351239724 2.157024843 2.380165344 2.603305845 2.446281048\n159.5 27 222 25.5 33 17.5 22.5 19 25 16.5 22 121.5 25 26 22
3.037190153 2.342975261 2.504132289 2.72727279 2.355371955 2.14876038 2.429752122 2.508264521 2.338843029 1.921487648 2.190082695 1.987603352 2.169421538 2.190082695 5.173553838\n196.75 25.85 37 45.5 40.5 33.55 28.5 51.5 42.5 36.5 21.3 30 25 37 293.5
2.704545517 2.39669427 2.933884365 2.355371955 2.537190141 3.859504221 3.099173625 4.590909197 2.438016585 2.681818244 3.723140582 2.413223196 3.99586786 4.458677789 2.4793389\n303.25 42.5 54.5 44.8 57 508.5 52.5 68 35.5 54.5 62 59.45 49 68 37
6.553719159 1.309917386 1.15702482 1.07438019 0.99173556 1.15702482 1.07438019 3.793388517 1.32231408 1.07438019 1.628099211 0.99173556 2.884297587 9.206611782 1.710743841\n102.05 20.2 14.8 25.1 24.5 12.8 19.7 70 16.9 13.8 44.1 14.2 47.3 140 19.3
2.54 2.52 2.76 2.925 2.5 2.96 2.8 2.8 2.5 2.45 2.9 2.62 2.8 3 2.45\n52.5 14.5 46.5 14.5 10 31 11 10 11 58 10 12 10 11 13
1.607438054 1.991735583 2.082644676 1.73553723 2.181818232 2.272727325 3.272727348 1.305785154 2.123966991 1.785124008 1.752066156 2.115702528 1.446281025 1.446281025 1.48760334\n126.35 51 9.7 9.3 17 112 6.4 9.3 14.4 183 9.8 11 14.1 10 8
3.181818255 1.512396729 1.181818209 1.528925655 1.6528926 1.867768638 1.314049617 2.603305845 1.694214915 1.40495871 1.446281025 1.214876061 1.6528926 1.595041359 1.669421526\n140 17 22 27 32 18 18 190 16 20 32 19 33 21 23
16.73966981 4.46281002 5.871900962 14.63223174 4.008264555 6.574380316 4.62809928 4.669421595 4.388429853 4.71074391 17.76033099 5.173553838 4.87603317 15.636364 5.20661169\n153.5 31.8 27 117.5 27.45 34 29.8 26 46.4 27.6 185 26 16.7 129 19.7
5.301653015 4.260330677 4.140495963 4.289256297 4.326446381 4.35123977 4.351239769 4.471074483 3.71900835 3.702479424 4.165289352 4.099173648 3.495867849 4.504132335 3.88429761\n18.5 13.5 17.5 14.5 22 27.5 32 15 12 14 27 15 16 18 280
2.400227328 2.840909156 2.758264526 2.566115762 2.677686012 2.41669427 2.35028931 2.168884347 2.120495917 1.943347152 3.115702551 2.702479401 2.185950464 2.623967002 2.111570297\n34.25 23 19 63.5 19.5 183 15 39.5 44 18 36 28.5 31 38.5 39
5.603305914 1.421487636 1.6528926 1.586776896 50.75206728 0.859504152 1.520661192 1.371900858 24.75206669 1.008264486 1.438016562 1.909090953 1.413223173 1.206611598 0.942148782\n28 22.55 33 25 22 17 26 22 105 19 23 32 21 17 18
4.039256291 7.318181987 3.797520749 4.4338844 4.053719102 4.173553815 24.6363642 4.194214973 4.090909185 4.090909185 4.18595051 3.871900916 4.553719113 3.975206703 4.71074391\n21.25 38.5 23 25.5 19.5 28.5 108.5 21 20.2 16.9 23.5 18.5 24 29.5 24
107.0330603 1.082644653 1.247933913 1.491735572 1.264462839 12.2396697 1.421487636 1.475206646 4.086776954 1.3512397 2.702479401 1.090909116 1.471074414 1.429752099 2.090909139\n15 18 16 16 17.5 17.5 12 17 24.5 18 39 19 14 14 17
3.04 5.495 12.4 2.47 2.38 4.3 2.4 2.49 9.6 2.13 2.71 3.8 2.15 2.14 2.27\n25.5 23.2 50 20 23.2 30 19.6 27.2 257 20.6 30.9 25 24.3 21 23.6